####################################################################################
####################################################################################
####################################################################################
###                                                                              ###
###                                                                              ###
###  LIBRARY OF TRIANGULATIONS                                                   ###
###  by Bruno Benedetti and Frank H. Lutz                                        ###
###  http://page.math.tu-berlin.de/~lutz/stellar/library_of_triangulations.html  ###
###                                                                              ###
###                                                                              ###
###  name of example:                                                            ###
###                                                                              ###
###    BH_4                                                                      ###
###                                                                              ###
###                                                                              ###
###  description:                                                                ###
###                                                                              ###
###    triangulation of Bing's House with four rooms                             ###
###                                                                              ###
###                                                                              ###
###  properties:                                                                 ###
###                                                                              ###
###    f=(57,200,144),                                                           ###
###    H_*=(Z,0,0),                                                              ###
###    contractible, but not collapsible,                                        ###
###    optimal discrete Morse vector: (1,1,1), not perfect                       ###
###                                                                              ###
###                                                                              ###
###  references:                                                                 ###
###                                                                              ###
###    B. Benedetti, C. Lai, D. Lofano, F. H. Lutz.                              ###
###    Random simple-homotopy theory.                                            ###
###    Arxiv:2107.09862 (2021).                                                  ###
###                                                                              ###
###    M. Tancer.                                                                ###
###    Recognition of collapsible complexes is NP-complete.                      ###
###    Discrete Comput. Geom. 55, 21-38 (2016).                                  ###
###                                                                              ###
###    R. H. Bing.                                                               ###
###    Some aspects of the topology of 3-manifolds related                       ###
###    to the Poincaré conjecture.                                               ###
###    Lectures on Modern Mathematics, Vol. II, Wiley, NY, 1964.                 ###
###                                                                              ###
###                                                                              ###
####################################################################################
####################################################################################
####################################################################################

1 2 5
1 2 20
1 2 22
1 2 40
1 4 6
1 4 10
1 4 31
1 4 49
1 5 7
1 6 7
1 9 11
1 9 15
1 9 22
1 9 40
1 10 12
1 11 12
1 14 16
1 14 19
1 14 31
1 14 49
1 15 17
1 16 17
1 19 21
1 20 21
2 3 5
2 3 23
2 3 52
2 5 23
2 22 23
2 40 48
2 47 48
2 51 52
3 4 6
3 4 24
3 4 56
3 5 6
3 23 24
3 52 56
4 8 10
4 8 25
4 8 32
4 10 32
4 24 25
4 31 32
4 49 57
4 56 57
5 6 26
5 7 26
5 23 26
6 7 27
6 26 27
7 26 28
7 27 28
8 9 11
8 9 29
8 9 33
8 10 11
8 25 29
8 32 33
9 13 15
9 13 34
9 13 41
9 15 41
9 22 30
9 29 30
9 33 34
9 40 41
10 11 35
10 12 35
10 32 35
11 12 36
11 35 36
12 35 37
12 36 37
13 14 16
13 14 38
13 14 42
13 15 16
13 34 38
13 41 42
14 18 19
14 18 43
14 18 50
14 19 50
14 31 39
14 38 39
14 42 43
14 49 50
15 16 44
15 17 44
15 41 44
16 17 45
16 44 45
17 44 46
17 45 46
18 2 20
18 2 47
18 2 51
18 19 20
18 43 47
18 50 51
19 20 53
19 21 53
19 50 53
20 21 54
20 53 54
21 53 55
21 54 55
22 23 26
22 25 27
22 25 29
22 26 28
22 27 28
22 29 30
23 24 26
24 25 27
24 26 27
31 32 35
31 34 36
31 34 38
31 35 37
31 36 37
31 38 39
32 33 35
33 34 36
33 35 36
40 41 44
40 43 45
40 43 47
40 44 46
40 45 46
40 47 48
41 42 44
42 43 45
42 44 45
49 50 53
49 52 54
49 52 56
49 53 55
49 54 55
49 56 57
50 51 53
51 52 54
51 53 54

