####################################################################################
####################################################################################
####################################################################################
###                                                                              ###
###                                                                              ###
###  LIBRARY OF TRIANGULATIONS                                                   ###
###  by Bruno Benedetti and Frank H. Lutz                                        ###
###  http://page.math.tu-berlin.de/~lutz/stellar/library_of_triangulations.html  ###
###                                                                              ###
###                                                                              ###
###  name of example:                                                            ###
###                                                                              ###
###    double_trefoil (= S_3_16_92)                                              ###
###                                                                              ###
###                                                                              ###
###  description:                                                                ###
###                                                                              ###
###    non-constructible 3-sphere with 16 vertices                               ###
###    containing the double trefoil knot                                        ###
###                                                                              ###
###                                                                              ###
###  properties:                                                                 ###
###                                                                              ###
###    f=(16,108,184,92),                                                        ###
###    H_*=(Z,0,0,Z),                                                            ###
###    non-constructible, non-shellable,                                         ###
###    perfect discrete Morse vector: (1,0,0,1)                                  ###
###                                                                              ###
###                                                                              ###
###  references:                                                                 ###
###                                                                              ###
###    B. Benedetti and F. H. Lutz.                                              ###
###    Knots in collapsible and non-collapsible balls.                           ###
###    Electron. J. Comb. 20, No. 3, Research Paper P31, 29 p. (2013).           ###
###                                                                              ###
###    B. Benedetti and F. H. Lutz.                                              ###
###    Random discrete Morse theory and a new library of triangulations.         ###
###    Exp. Math. 23, 66-94 (2014).                                              ###
###                                                                              ###
###                                                                              ###
####################################################################################
####################################################################################
####################################################################################

1 2 5 6
1 2 5 12
1 2 6 12
1 3 7 8
1 3 7 11
1 3 8 11
1 4 5 6
1 4 5 16
1 4 6 12
1 4 10 13
1 4 10 16
1 4 12 13
1 5 12 13
1 5 13 16
1 7 8 9
1 7 9 11
1 8 9 14
1 8 10 14
1 8 10 15
1 8 11 15
1 9 11 15
1 9 14 15
1 10 13 14
1 10 15 16
1 13 14 16
1 14 15 16
2 3 4 13
2 3 4 15
2 3 13 15
2 4 7 8
2 4 7 15
2 4 8 16
2 4 10 13
2 4 10 16
2 5 6 14
2 5 12 14
2 6 8 12
2 6 8 16
2 6 9 14
2 6 9 16
2 7 8 9
2 7 9 10
2 7 10 13
2 7 13 15
2 8 9 14
2 8 12 14
2 9 10 16
3 4 12 13
3 4 12 15
3 5 6 7
3 5 6 14
3 5 7 8
3 5 8 11
3 5 11 14
3 6 7 16
3 6 9 14
3 6 9 16
3 7 11 14
3 7 14 16
3 9 12 13
3 9 12 16
3 9 13 15
3 9 14 15
3 12 15 16
3 14 15 16
4 5 6 7
4 5 7 8
4 5 8 16
4 6 7 15
4 6 12 15
5 8 11 13
5 8 13 16
5 11 12 13
5 11 12 14
6 7 13 15
6 7 13 16
6 8 12 15
6 8 13 15
6 8 13 16
7 9 10 12
7 9 11 12
7 10 12 14
7 10 13 14
7 11 12 14
7 13 14 16
8 10 12 14
8 10 12 15
8 11 13 15
9 10 12 16
9 11 12 13
9 11 13 15
10 12 15 16

