####################################################################################
####################################################################################
####################################################################################
###                                                                              ###
###                                                                              ###
###  LIBRARY OF TRIANGULATIONS                                                   ###
###  by Bruno Benedetti and Frank H. Lutz                                        ###
###  http://page.math.tu-berlin.de/~lutz/stellar/library_of_triangulations.html  ###
###                                                                              ###
###                                                                              ###
###  name of example:                                                            ###
###                                                                              ###
###    rand2_n25_p0.328                                                          ###
###                                                                              ###
###                                                                              ###
###  description:                                                                ###
###                                                                              ###
###    random 2-dimensional simplicial complex with 25 vertices                  ###
###    and 751 triangles, picked with probability 0.328                          ###
###                                                                              ###
###                                                                              ###
###  properties:                                                                 ###
###                                                                              ###
###    f=(25,300,751),                                                           ###
###    H_*=(Z,0,Z^475),                                                          ###
###    simply connected,                                                         ###
###    perfect discrete Morse vector: (1,0,475)                                  ###
###                                                                              ###
###                                                                              ###
###  references:                                                                 ###
###                                                                              ###
###    N. Linial and R. Meshulam.                                                ###
###    Homological connectivity of random 2-complexes.                           ###
###    Combinatorica 26, 475-487 (2006).                                         ###
###                                                                              ###
###    E. Babson, C. Hoffman, and M. Kahle.                                      ###
###    The fundamental group of random 2-complexes.                              ###
###    J. Am. Math. Soc. 24, 1-28 (2010).                                        ###
###                                                                              ###
###    B. Benedetti and F. H. Lutz.                                              ###
###    Random discrete Morse theory and a new library of triangulations.         ###
###    Exp. Math. 23, 66-94 (2014).                                              ###
###                                                                              ###
###                                                                              ###
####################################################################################
####################################################################################
####################################################################################

1 2 8
1 2 13
1 2 16
1 2 18
1 2 20
1 2 21
1 2 23
1 3 4
1 3 6
1 3 8
1 3 12
1 3 15
1 3 17
1 3 19
1 3 20
1 3 22
1 3 24
1 3 25
1 4 5
1 4 16
1 4 18
1 4 22
1 5 8
1 5 9
1 5 16
1 5 17
1 5 22
1 5 25
1 6 8
1 6 9
1 6 11
1 6 14
1 6 18
1 6 21
1 7 13
1 7 18
1 7 21
1 8 10
1 8 12
1 8 13
1 8 14
1 8 15
1 8 23
1 8 25
1 9 11
1 9 20
1 9 21
1 9 22
1 9 24
1 9 25
1 10 13
1 10 15
1 10 17
1 10 20
1 11 12
1 11 13
1 11 21
1 11 25
1 12 13
1 12 14
1 12 19
1 12 22
1 12 24
1 12 25
1 13 14
1 13 17
1 13 19
1 13 24
1 13 25
1 14 16
1 14 18
1 14 19
1 14 20
1 14 22
1 14 24
1 15 16
1 15 17
1 15 19
1 15 20
1 15 23
1 15 24
1 15 25
1 16 19
1 16 20
1 17 19
1 17 22
1 17 24
1 17 25
1 18 19
1 18 20
1 19 21
1 19 23
1 19 24
1 19 25
1 20 21
1 20 24
1 21 23
1 22 25
1 23 24
2 3 6
2 3 14
2 3 18
2 3 22
2 4 6
2 4 7
2 4 13
2 4 16
2 4 19
2 4 20
2 4 23
2 4 25
2 5 6
2 5 8
2 5 9
2 5 11
2 5 12
2 5 13
2 5 14
2 5 16
2 5 17
2 5 18
2 5 19
2 6 7
2 6 9
2 6 12
2 6 13
2 6 18
2 6 20
2 6 21
2 6 22
2 6 24
2 7 11
2 7 24
2 7 25
2 8 9
2 8 10
2 8 14
2 8 18
2 8 20
2 8 23
2 9 12
2 9 14
2 9 20
2 9 22
2 10 12
2 10 13
2 10 14
2 10 16
2 10 21
2 10 23
2 11 12
2 11 14
2 11 19
2 11 20
2 11 21
2 12 19
2 12 20
2 12 22
2 13 16
2 13 17
2 13 19
2 13 21
2 13 24
2 14 16
2 14 21
2 15 17
2 15 20
2 16 17
2 16 21
2 16 24
2 17 19
2 17 21
2 17 22
2 17 23
2 17 24
2 18 21
2 18 23
2 18 24
2 18 25
2 19 22
2 22 25
2 23 24
3 4 8
3 4 9
3 4 11
3 4 15
3 4 21
3 4 25
3 5 16
3 5 17
3 5 21
3 6 8
3 6 9
3 6 21
3 7 15
3 7 18
3 7 22
3 7 24
3 7 25
3 8 9
3 8 12
3 8 13
3 8 16
3 8 19
3 8 20
3 8 21
3 8 22
3 8 23
3 8 24
3 9 12
3 9 15
3 9 19
3 10 11
3 10 15
3 10 19
3 11 14
3 11 15
3 11 23
3 11 25
3 12 13
3 12 15
3 12 16
3 12 20
3 12 24
3 12 25
3 13 15
3 13 17
3 13 19
3 13 20
3 14 16
3 14 19
3 14 21
3 15 17
3 15 18
3 15 19
3 15 20
3 15 21
3 15 23
3 15 24
3 16 18
3 16 21
3 16 25
3 17 18
3 17 22
3 17 25
3 19 22
3 22 24
3 23 24
3 24 25
4 5 6
4 5 9
4 5 11
4 5 15
4 5 18
4 5 22
4 6 9
4 6 10
4 6 14
4 6 16
4 6 18
4 6 22
4 6 24
4 7 8
4 7 12
4 7 13
4 7 24
4 7 25
4 8 9
4 8 14
4 8 18
4 8 21
4 8 22
4 8 23
4 9 10
4 9 11
4 9 17
4 9 18
4 9 21
4 9 22
4 9 23
4 10 11
4 10 18
4 10 20
4 10 24
4 11 12
4 11 15
4 11 17
4 11 19
4 11 25
4 12 15
4 12 18
4 12 21
4 12 25
4 13 16
4 13 18
4 13 21
4 14 25
4 15 16
4 15 19
4 15 20
4 15 21
4 15 24
4 15 25
4 16 17
4 16 20
4 16 21
4 16 22
4 16 23
4 17 18
4 17 24
4 18 22
4 18 24
4 19 20
4 19 21
4 20 23
4 20 25
4 21 22
4 22 24
4 24 25
5 6 11
5 6 13
5 6 14
5 6 20
5 6 22
5 6 24
5 6 25
5 7 9
5 7 12
5 7 13
5 7 15
5 7 24
5 7 25
5 8 9
5 8 10
5 8 12
5 8 14
5 8 15
5 8 16
5 8 18
5 8 22
5 8 23
5 9 12
5 9 14
5 9 18
5 9 19
5 9 22
5 9 25
5 10 11
5 10 12
5 10 16
5 10 17
5 10 18
5 10 24
5 10 25
5 11 15
5 11 17
5 11 23
5 12 14
5 12 18
5 12 19
5 12 20
5 12 22
5 13 14
5 13 18
5 13 21
5 13 24
5 14 15
5 14 18
5 14 22
5 15 17
5 16 17
5 16 21
5 16 22
5 16 25
5 17 19
5 17 21
5 17 23
5 17 24
5 18 22
5 19 23
5 21 22
5 21 24
5 23 25
6 7 10
6 7 11
6 7 12
6 7 15
6 7 22
6 7 23
6 8 9
6 8 12
6 8 16
6 8 19
6 8 20
6 8 25
6 9 11
6 9 12
6 9 15
6 9 21
6 10 11
6 10 14
6 10 15
6 10 18
6 10 19
6 10 21
6 10 22
6 10 25
6 11 12
6 11 13
6 11 16
6 11 17
6 12 15
6 12 16
6 12 17
6 12 20
6 12 22
6 12 23
6 12 25
6 13 16
6 13 19
6 13 21
6 13 22
6 13 23
6 14 15
6 14 16
6 14 19
6 14 20
6 14 24
6 14 25
6 15 16
6 15 18
6 15 19
6 16 21
6 17 19
6 17 22
6 17 23
6 17 25
6 18 20
6 18 25
6 19 22
6 20 22
6 20 24
6 21 23
6 21 25
6 22 24
6 24 25
7 8 15
7 8 16
7 8 18
7 8 22
7 9 13
7 9 16
7 9 20
7 9 23
7 10 15
7 10 18
7 10 20
7 10 25
7 11 12
7 11 13
7 11 15
7 11 18
7 11 20
7 11 23
7 11 24
7 12 18
7 12 20
7 13 14
7 13 16
7 14 15
7 15 18
7 15 23
7 15 25
7 16 20
7 16 25
7 17 24
7 18 19
7 18 22
7 18 25
7 19 21
7 19 22
7 19 24
7 20 25
7 22 23
8 9 13
8 9 16
8 9 18
8 9 21
8 9 22
8 9 23
8 9 24
8 10 13
8 10 14
8 10 17
8 10 23
8 10 25
8 11 16
8 11 19
8 11 22
8 11 23
8 12 13
8 12 15
8 12 16
8 12 19
8 12 21
8 12 22
8 12 24
8 12 25
8 13 14
8 13 15
8 13 19
8 13 22
8 13 23
8 13 25
8 14 15
8 14 18
8 14 21
8 15 16
8 15 18
8 15 19
8 16 18
8 16 20
8 16 23
8 16 25
8 17 18
8 17 19
8 18 20
8 18 21
8 19 20
8 19 22
8 21 25
8 23 25
9 10 14
9 10 17
9 10 19
9 10 20
9 10 21
9 10 22
9 10 23
9 10 25
9 11 12
9 11 19
9 11 20
9 11 21
9 11 23
9 12 13
9 12 14
9 12 15
9 12 19
9 12 20
9 12 21
9 12 24
9 13 19
9 13 20
9 13 25
9 14 21
9 14 22
9 14 25
9 15 17
9 15 19
9 15 20
9 15 23
9 16 20
9 17 23
9 17 24
9 18 19
9 18 20
9 18 22
9 18 25
9 19 23
9 19 24
9 20 21
9 20 22
9 20 25
9 21 23
9 21 24
9 22 24
9 23 25
10 11 12
10 11 15
10 11 16
10 11 18
10 11 19
10 11 21
10 11 24
10 12 13
10 12 16
10 12 19
10 12 20
10 12 22
10 12 23
10 13 15
10 13 17
10 13 19
10 13 20
10 13 25
10 14 16
10 14 17
10 14 19
10 14 20
10 15 17
10 16 17
10 16 19
10 16 21
10 17 18
10 17 21
10 17 24
10 18 23
10 18 24
10 19 20
10 19 23
10 20 23
10 20 25
10 21 23
10 21 25
11 12 15
11 12 17
11 12 20
11 12 21
11 13 14
11 14 16
11 14 19
11 14 25
11 15 17
11 15 18
11 15 19
11 15 22
11 15 23
11 16 25
11 17 18
11 17 24
11 18 25
11 19 21
11 20 21
11 20 23
11 21 25
11 22 24
11 23 24
12 13 14
12 13 17
12 13 18
12 14 16
12 14 20
12 14 21
12 14 25
12 15 17
12 15 18
12 15 21
12 15 25
12 16 19
12 16 20
12 16 21
12 17 19
12 17 24
12 18 19
12 18 21
12 18 22
12 18 24
12 18 25
12 20 21
12 20 24
12 21 22
12 21 24
12 22 23
12 22 24
12 23 24
12 23 25
12 24 25
13 14 16
13 14 19
13 14 23
13 15 19
13 15 20
13 16 17
13 18 19
13 18 22
13 18 23
13 19 20
13 19 21
13 20 21
13 21 23
13 21 24
13 22 23
13 23 25
14 15 16
14 15 17
14 15 20
14 16 20
14 17 18
14 17 20
14 17 25
14 19 20
14 19 23
14 20 22
14 20 23
14 20 24
14 22 25
14 24 25
15 16 19
15 16 22
15 17 19
15 17 22
15 17 24
15 18 21
15 18 23
15 20 24
15 20 25
15 21 22
15 21 23
15 21 24
15 21 25
15 22 23
15 22 25
16 17 23
16 17 24
16 18 22
16 19 22
16 19 24
16 20 22
16 21 22
16 21 24
16 22 25
16 23 25
17 18 19
17 18 22
17 20 21
17 20 23
17 21 25
17 22 23
17 22 24
18 19 23
18 19 24
18 20 25
18 21 23
18 21 24
18 23 24
18 23 25
19 20 21
19 20 22
19 20 24
19 21 23
19 22 24
19 24 25
20 21 24
20 21 25
20 22 24
20 22 25
20 23 24
20 24 25
21 22 25
21 23 24

