####################################################################################
####################################################################################
####################################################################################
###                                                                              ###
###                                                                              ###
###  LIBRARY OF TRIANGULATIONS                                                   ###
###  by Bruno Benedetti and Frank H. Lutz                                        ###
###  http://page.math.tu-berlin.de/~lutz/stellar/library_of_triangulations.html  ###
###                                                                              ###
###                                                                              ###
###  name of example:                                                            ###
###                                                                              ###
###    RP4#11S2xS2                                                               ###
###                                                                              ###
###                                                                              ###
###  description:                                                                ###
###                                                                              ###
###    homeomorphic, but not PL homeomorphic                                     ###
###    to RP4#K3_17                                                              ###
###                                                                              ###
###                                                                              ###
###  properties:                                                                 ###
###                                                                              ###
###    f=(31,283,1052,1295,518),                                                 ###
###    H_*=(Z,Z_2,Z^22,Z_2,0),                                                   ###
###    optimal discrete Morse vector: (1,1,23,1,1), perfect over Z_2             ###
###                                                                              ###
###                                                                              ###
###  references:                                                                 ###
###                                                                              ###
###    M. Kreck.                                                                 ###
###    Some closed 4-manifolds with exotic differentiable structure.             ###
###    Algebraic Topology, Aarhus 1982, Proc. conference held in                 ###
###    Aarhus, Denmark, 1982 (I. Madsen and B. Oliver, eds.).                    ###
###    Lecture Notes in Mathematics 1051,  246-262.                              ###
###    Springer-Verlag, Berlin, 1984.                                            ###
###                                                                              ###
###    B. Benedetti and F. H. Lutz.                                              ###
###    Random discrete Morse theory and a new library of triangulations.         ###
###    Exp. Math. 23, 66-94 (2014).                                              ###
###                                                                              ###
###                                                                              ###
####################################################################################
####################################################################################
####################################################################################

1 2 5 6 10
1 2 5 6 30
1 2 5 8 11
1 2 5 8 29
1 2 5 10 15
1 2 5 11 15
1 2 5 29 30
1 2 6 8 16
1 2 6 8 28
1 2 6 10 16
1 2 6 17 19
1 2 6 17 30
1 2 6 18 19
1 2 6 18 28
1 2 8 11 13
1 2 8 13 16
1 2 8 22 26
1 2 8 22 30
1 2 8 24 27
1 2 8 24 30
1 2 8 25 26
1 2 8 25 28
1 2 8 27 29
1 2 10 15 16
1 2 11 13 15
1 2 13 15 16
1 2 17 19 26
1 2 17 22 26
1 2 17 22 30
1 2 18 19 25
1 2 18 25 28
1 2 19 25 26
1 2 24 27 31
1 2 24 30 31
1 2 27 29 31
1 2 29 30 31
1 3 4 7 8
1 3 4 7 14
1 3 4 8 13
1 3 4 12 13
1 3 4 12 14
1 3 7 8 11
1 3 7 9 11
1 3 7 9 14
1 3 8 11 13
1 3 9 11 15
1 3 9 12 14
1 3 9 12 15
1 3 11 13 15
1 3 12 13 15
1 4 6 7 8
1 4 6 7 14
1 4 6 8 16
1 4 6 14 16
1 4 8 13 16
1 4 12 13 16
1 4 12 14 16
1 5 6 7 8
1 5 6 7 14
1 5 6 8 20
1 5 6 10 14
1 5 6 20 21
1 5 6 21 26
1 5 6 26 30
1 5 7 8 11
1 5 7 9 11
1 5 7 9 14
1 5 8 18 19
1 5 8 18 25
1 5 8 19 20
1 5 8 22 24
1 5 8 22 25
1 5 8 24 27
1 5 8 27 29
1 5 9 10 14
1 5 9 10 15
1 5 9 11 15
1 5 17 20 26
1 5 17 20 28
1 5 17 24 26
1 5 17 24 28
1 5 18 19 25
1 5 19 20 22
1 5 19 22 25
1 5 20 21 26
1 5 20 22 28
1 5 22 24 28
1 5 23 27 29
1 5 23 27 30
1 5 23 29 30
1 5 24 26 27
1 5 26 27 30
1 6 8 20 21
1 6 8 21 28
1 6 10 14 16
1 6 17 19 29
1 6 17 27 29
1 6 17 27 30
1 6 18 19 28
1 6 19 28 29
1 6 21 26 28
1 6 26 27 28
1 6 26 27 30
1 6 27 28 29
1 8 18 19 21
1 8 18 21 28
1 8 18 25 28
1 8 19 20 21
1 8 22 24 30
1 8 22 25 26
1 9 10 12 14
1 9 10 12 15
1 10 12 14 16
1 10 12 15 16
1 12 13 15 16
1 17 18 20 26
1 17 18 20 28
1 17 18 22 26
1 17 18 22 29
1 17 18 24 28
1 17 18 24 29
1 17 19 24 26
1 17 19 24 29
1 17 22 23 27
1 17 22 23 29
1 17 22 27 30
1 17 23 27 29
1 18 19 21 23
1 18 19 23 28
1 18 20 21 23
1 18 20 21 29
1 18 20 23 28
1 18 20 26 29
1 18 21 24 28
1 18 21 24 29
1 18 22 26 29
1 19 20 21 23
1 19 20 22 25
1 19 20 23 25
1 19 23 24 28
1 19 23 24 30
1 19 23 25 30
1 19 24 25 26
1 19 24 25 30
1 19 24 28 29
1 20 21 26 29
1 20 22 23 25
1 20 22 23 28
1 21 22 25 26
1 21 22 25 29
1 21 22 26 29
1 21 24 28 29
1 21 25 26 31
1 21 25 29 31
1 21 26 27 28
1 21 26 27 31
1 21 27 28 29
1 21 27 29 31
1 22 23 24 28
1 22 23 24 30
1 22 23 25 29
1 22 23 27 30
1 23 25 29 30
1 24 25 26 31
1 24 25 30 31
1 24 26 27 31
1 25 29 30 31
2 3 4 5 10
2 3 4 5 12
2 3 4 7 10
2 3 4 7 14
2 3 4 12 14
2 3 5 6 10
2 3 5 6 12
2 3 6 9 12
2 3 6 9 16
2 3 6 10 16
2 3 7 9 14
2 3 7 9 16
2 3 7 10 16
2 3 9 12 14
2 4 5 10 15
2 4 5 11 12
2 4 5 11 15
2 4 7 10 15
2 4 7 14 15
2 4 11 12 14
2 4 11 14 15
2 5 6 8 12
2 5 6 8 20
2 5 6 17 18
2 5 6 17 30
2 5 6 18 21
2 5 6 20 21
2 5 8 11 12
2 5 8 20 29
2 5 17 18 29
2 5 17 23 29
2 5 17 23 30
2 5 18 20 21
2 5 18 20 29
2 5 23 29 30
2 6 8 9 12
2 6 8 9 16
2 6 8 20 29
2 6 8 28 29
2 6 17 18 19
2 6 18 21 25
2 6 18 25 28
2 6 20 21 23
2 6 20 23 28
2 6 20 28 29
2 6 21 23 24
2 6 21 24 25
2 6 23 24 25
2 6 23 25 28
2 7 9 13 14
2 7 9 13 16
2 7 10 15 16
2 7 13 14 15
2 7 13 15 16
2 8 9 12 14
2 8 9 13 14
2 8 9 13 16
2 8 11 12 14
2 8 11 13 14
2 8 19 21 26
2 8 19 21 29
2 8 19 26 27
2 8 19 27 29
2 8 21 25 26
2 8 21 25 29
2 8 22 26 30
2 8 24 27 30
2 8 25 28 29
2 8 26 27 30
2 11 13 14 15
2 17 18 19 22
2 17 18 22 23
2 17 18 23 29
2 17 19 22 26
2 17 21 23 27
2 17 21 23 30
2 17 21 27 30
2 17 22 23 27
2 17 22 27 30
2 18 19 21 22
2 18 19 21 25
2 18 20 21 23
2 18 20 23 29
2 18 21 22 23
2 19 21 22 28
2 19 21 25 26
2 19 21 28 29
2 19 22 26 28
2 19 23 26 28
2 19 23 26 29
2 19 23 28 29
2 19 26 27 29
2 20 23 28 29
2 21 22 23 27
2 21 22 27 28
2 21 23 24 31
2 21 23 30 31
2 21 24 25 30
2 21 24 30 31
2 21 25 27 28
2 21 25 27 30
2 21 25 28 29
2 22 24 25 27
2 22 24 25 28
2 22 24 26 27
2 22 24 26 28
2 22 25 27 28
2 22 26 27 30
2 23 24 25 28
2 23 24 26 28
2 23 24 26 31
2 23 26 29 31
2 23 29 30 31
2 24 25 27 30
2 24 26 27 31
2 26 27 29 31
3 4 5 10 13
3 4 5 12 13
3 4 7 8 10
3 4 8 10 13
3 5 6 10 13
3 5 6 12 13
3 6 9 11 15
3 6 9 11 16
3 6 9 12 15
3 6 10 11 13
3 6 10 11 16
3 6 11 13 15
3 6 12 13 15
3 7 8 10 11
3 7 9 11 16
3 7 10 11 16
3 8 10 11 13
4 5 9 10 13
4 5 9 10 15
4 5 9 11 15
4 5 9 11 16
4 5 9 13 16
4 5 11 12 16
4 5 12 13 16
4 6 7 8 15
4 6 7 14 15
4 6 8 9 15
4 6 8 9 16
4 6 9 11 15
4 6 9 11 16
4 6 11 14 15
4 6 11 14 16
4 7 8 10 15
4 8 9 10 13
4 8 9 10 15
4 8 9 13 16
4 11 12 14 16
5 6 7 8 12
5 6 7 12 13
5 6 7 13 14
5 6 10 13 14
5 6 17 18 22
5 6 17 19 22
5 6 17 19 30
5 6 18 21 24
5 6 18 22 25
5 6 18 24 25
5 6 19 22 25
5 6 19 25 30
5 6 21 24 29
5 6 21 26 29
5 6 24 25 29
5 6 25 26 29
5 6 25 26 30
5 7 8 11 12
5 7 9 11 16
5 7 9 13 14
5 7 9 13 16
5 7 11 12 16
5 7 12 13 16
5 8 17 19 20
5 8 17 19 27
5 8 17 20 29
5 8 17 27 29
5 8 18 19 26
5 8 18 22 25
5 8 18 22 26
5 8 19 24 27
5 8 19 24 30
5 8 19 26 30
5 8 22 24 30
5 8 22 26 30
5 9 10 13 14
5 17 18 22 24
5 17 18 24 29
5 17 19 20 22
5 17 19 23 27
5 17 19 23 30
5 17 20 22 28
5 17 20 26 29
5 17 22 24 28
5 17 23 27 29
5 17 24 26 29
5 18 19 25 26
5 18 20 21 29
5 18 21 24 29
5 18 22 24 26
5 18 24 25 26
5 19 23 24 27
5 19 23 24 30
5 19 25 26 30
5 20 21 26 29
5 22 23 24 27
5 22 23 24 30
5 22 23 27 30
5 22 24 26 27
5 22 26 27 30
5 24 25 26 29
6 7 8 12 15
6 7 12 13 15
6 7 13 14 15
6 8 9 12 15
6 8 17 26 28
6 8 17 26 29
6 8 17 27 28
6 8 17 27 29
6 8 18 20 25
6 8 18 20 29
6 8 18 22 25
6 8 18 22 26
6 8 18 26 29
6 8 19 20 21
6 8 19 20 25
6 8 19 21 22
6 8 19 22 25
6 8 21 22 26
6 8 21 26 28
6 8 27 28 29
6 10 11 13 14
6 10 11 14 16
6 11 13 14 15
6 17 18 19 22
6 17 19 23 26
6 17 19 23 30
6 17 19 26 29
6 17 23 26 30
6 17 26 27 28
6 17 26 27 30
6 18 19 22 23
6 18 19 23 29
6 18 19 28 29
6 18 20 25 28
6 18 20 28 29
6 18 21 24 25
6 18 22 23 29
6 18 22 26 29
6 19 20 21 23
6 19 20 23 25
6 19 21 22 23
6 19 23 25 30
6 19 23 26 29
6 20 23 25 28
6 21 22 23 29
6 21 22 26 29
6 21 23 24 29
6 23 24 25 29
6 23 25 29 30
6 23 26 29 30
6 25 26 29 30
7 8 10 11 12
7 8 10 12 15
7 10 11 12 16
7 10 12 15 16
7 12 13 15 16
8 9 10 12 14
8 9 10 12 15
8 9 10 13 14
8 10 11 12 14
8 10 11 13 14
8 17 19 20 22
8 17 19 22 28
8 17 19 27 28
8 17 20 22 28
8 17 20 26 28
8 17 20 26 29
8 18 19 21 26
8 18 20 25 28
8 18 20 26 28
8 18 20 26 29
8 18 21 26 28
8 19 20 22 25
8 19 21 22 29
8 19 22 27 28
8 19 22 27 29
8 19 24 27 30
8 19 26 27 30
8 20 22 25 28
8 21 22 25 26
8 21 22 25 29
8 22 25 27 28
8 22 25 27 29
8 25 27 28 29
10 11 12 14 16
17 18 20 26 28
17 18 22 23 29
17 18 22 24 28
17 18 22 26 28
17 19 22 26 28
17 19 23 26 28
17 19 23 27 28
17 19 24 26 29
17 21 23 26 28
17 21 23 26 30
17 21 23 27 28
17 21 26 27 28
17 21 26 27 30
18 19 21 22 23
18 19 21 25 26
18 19 23 28 29
18 20 23 28 29
18 21 24 25 26
18 21 24 26 28
18 22 24 26 28
19 21 22 24 27
19 21 22 24 29
19 21 22 27 28
19 21 24 27 28
19 21 24 28 29
19 22 24 27 29
19 23 24 27 28
19 24 25 26 29
19 24 25 27 29
19 24 25 27 30
19 25 26 29 30
19 25 27 29 30
19 26 27 29 30
20 22 23 25 28
21 22 23 24 27
21 22 23 24 29
21 23 24 26 28
21 23 24 26 31
21 23 24 27 28
21 23 26 30 31
21 24 25 26 31
21 24 25 30 31
21 25 27 28 29
21 25 27 29 30
21 25 29 30 31
21 26 27 30 31
21 27 29 30 31
22 23 24 25 28
22 23 24 25 29
22 24 25 27 29
23 26 29 30 31
26 27 29 30 31

