####################################################################################
####################################################################################
####################################################################################
###                                                                              ###
###                                                                              ###
###  LIBRARY OF TRIANGULATIONS                                                   ###
###  by Bruno Benedetti and Frank H. Lutz                                        ###
###  http://page.math.tu-berlin.de/~lutz/stellar/library_of_triangulations.html  ###
###                                                                              ###
###                                                                              ###
###  name of example:                                                            ###
###                                                                              ###
###    RP5_24                                                                    ###
###                                                                              ###
###                                                                              ###
###  description:                                                                ###
###                                                                              ###
###    24-vertex triangulation of the real projective 5-space                    ###
###                                                                              ###
###                                                                              ###
###  properties:                                                                 ###
###                                                                              ###
###    f=(24,273,1174,2277,2028,676),                                            ###
###    H_*=(Z,Z_2,0,Z_2,0,Z),                                                    ###
###    optimal discrete Morse vector: (1,1,1,1,1,1), perfect over Z_2            ###
###                                                                              ###
###                                                                              ###
###  references:                                                                 ###
###                                                                              ###
###    F. H. Lutz.                                                               ###
###    Triangulated Manifolds with Few Vertices: Combinatorial Manifolds.        ###
###    arXiv:math.CO/0506372, 37 pages, 2005.                                    ###
###                                                                              ###
###    B. Benedetti and F. H. Lutz.                                              ###
###    Random discrete Morse theory and a new library of triangulations.         ###
###    Exp. Math. 23, 66-94 (2014).                                              ###
###                                                                              ###
###                                                                              ###
####################################################################################
####################################################################################
####################################################################################

1 2 3 5 10 12
1 2 3 5 10 14
1 2 3 5 12 17
1 2 3 5 14 17
1 2 3 6 7 12
1 2 3 6 7 13
1 2 3 6 10 12
1 2 3 6 10 18
1 2 3 6 13 18
1 2 3 7 12 17
1 2 3 7 13 17
1 2 3 10 14 18
1 2 3 13 14 17
1 2 3 13 14 18
1 2 5 9 14 17
1 2 5 9 14 22
1 2 5 9 17 21
1 2 5 9 21 22
1 2 5 10 12 21
1 2 5 10 14 22
1 2 5 10 21 22
1 2 5 12 17 21
1 2 6 7 8 12
1 2 6 7 8 19
1 2 6 7 13 19
1 2 6 8 10 12
1 2 6 8 10 18
1 2 6 8 18 19
1 2 6 13 18 19
1 2 7 8 12 21
1 2 7 8 19 21
1 2 7 12 17 21
1 2 7 13 17 19
1 2 7 17 19 21
1 2 8 10 12 21
1 2 8 10 18 22
1 2 8 10 21 22
1 2 8 18 19 22
1 2 8 19 21 22
1 2 9 13 14 17
1 2 9 13 14 18
1 2 9 13 17 19
1 2 9 13 18 19
1 2 9 14 18 22
1 2 9 17 19 21
1 2 9 18 19 22
1 2 9 19 21 22
1 2 10 14 18 22
1 3 5 10 12 24
1 3 5 10 14 23
1 3 5 10 23 24
1 3 5 12 17 24
1 3 5 14 17 23
1 3 5 17 23 24
1 3 6 7 12 16
1 3 6 7 13 15
1 3 6 7 15 16
1 3 6 10 12 16
1 3 6 10 16 18
1 3 6 13 15 18
1 3 6 15 16 18
1 3 7 12 16 24
1 3 7 12 17 24
1 3 7 13 15 17
1 3 7 15 16 24
1 3 7 15 17 24
1 3 10 12 16 24
1 3 10 14 18 23
1 3 10 16 18 23
1 3 10 16 23 24
1 3 13 14 15 17
1 3 13 14 15 18
1 3 14 15 17 23
1 3 14 15 18 23
1 3 15 16 18 23
1 3 15 16 23 24
1 3 15 17 23 24
1 4 8 10 16 18
1 4 8 10 16 21
1 4 8 10 18 22
1 4 8 10 21 22
1 4 8 16 18 19
1 4 8 16 19 21
1 4 8 18 19 22
1 4 8 19 21 22
1 4 9 11 15 19
1 4 9 11 15 23
1 4 9 11 19 21
1 4 9 11 21 23
1 4 9 15 18 19
1 4 9 15 18 23
1 4 9 18 19 22
1 4 9 18 22 23
1 4 9 19 21 22
1 4 9 21 22 23
1 4 10 16 18 23
1 4 10 16 21 23
1 4 10 18 22 23
1 4 10 21 22 23
1 4 11 15 16 19
1 4 11 15 16 23
1 4 11 16 19 21
1 4 11 16 21 23
1 4 15 16 18 19
1 4 15 16 18 23
1 5 9 14 17 23
1 5 9 14 22 23
1 5 9 17 21 23
1 5 9 21 22 23
1 5 10 12 21 24
1 5 10 14 22 23
1 5 10 21 22 23
1 5 10 21 23 24
1 5 12 17 21 24
1 5 17 21 23 24
1 6 7 8 12 16
1 6 7 8 16 19
1 6 7 13 15 19
1 6 7 15 16 19
1 6 8 10 12 16
1 6 8 10 16 18
1 6 8 16 18 19
1 6 13 15 18 19
1 6 15 16 18 19
1 7 8 12 16 21
1 7 8 16 19 21
1 7 11 15 16 19
1 7 11 15 16 24
1 7 11 15 17 19
1 7 11 15 17 24
1 7 11 16 19 21
1 7 11 16 21 24
1 7 11 17 19 21
1 7 11 17 21 24
1 7 12 16 21 24
1 7 12 17 21 24
1 7 13 15 17 19
1 8 10 12 16 21
1 9 11 15 17 19
1 9 11 15 17 23
1 9 11 17 19 21
1 9 11 17 21 23
1 9 13 14 15 17
1 9 13 14 15 18
1 9 13 15 17 19
1 9 13 15 18 19
1 9 14 15 17 23
1 9 14 15 18 23
1 9 14 18 22 23
1 10 12 16 21 24
1 10 14 18 22 23
1 10 16 21 23 24
1 11 15 16 23 24
1 11 15 17 23 24
1 11 16 21 23 24
1 11 17 21 23 24
2 3 4 5 11 12
2 3 4 5 11 14
2 3 4 5 12 17
2 3 4 5 14 17
2 3 4 6 7 12
2 3 4 6 7 13
2 3 4 6 11 12
2 3 4 6 11 13
2 3 4 7 12 17
2 3 4 7 13 17
2 3 4 11 13 14
2 3 4 13 14 17
2 3 5 10 11 12
2 3 5 10 11 14
2 3 6 10 11 12
2 3 6 10 11 18
2 3 6 11 13 18
2 3 10 11 14 18
2 3 11 13 14 18
2 4 5 11 12 15
2 4 5 11 14 16
2 4 5 11 15 16
2 4 5 12 15 20
2 4 5 12 17 20
2 4 5 14 16 17
2 4 5 15 16 20
2 4 5 16 17 20
2 4 6 7 12 23
2 4 6 7 13 23
2 4 6 11 12 23
2 4 6 11 13 23
2 4 7 12 17 20
2 4 7 12 20 23
2 4 7 13 17 20
2 4 7 13 20 23
2 4 11 12 15 23
2 4 11 13 14 16
2 4 11 13 16 23
2 4 11 15 16 23
2 4 12 15 20 23
2 4 13 14 16 17
2 4 13 16 17 20
2 4 13 16 20 23
2 4 15 16 20 23
2 5 9 14 16 17
2 5 9 14 16 22
2 5 9 16 17 20
2 5 9 16 20 22
2 5 9 17 20 21
2 5 9 20 21 22
2 5 10 11 12 15
2 5 10 11 14 22
2 5 10 11 15 22
2 5 10 12 15 21
2 5 10 15 21 22
2 5 11 14 16 22
2 5 11 15 16 22
2 5 12 15 20 21
2 5 12 17 20 21
2 5 15 16 20 22
2 5 15 20 21 22
2 6 7 8 12 23
2 6 7 8 19 23
2 6 7 13 19 23
2 6 8 10 11 12
2 6 8 10 11 18
2 6 8 11 12 23
2 6 8 11 18 24
2 6 8 11 23 24
2 6 8 18 19 24
2 6 8 19 23 24
2 6 11 13 18 24
2 6 11 13 23 24
2 6 13 18 19 24
2 6 13 19 23 24
2 7 8 12 20 21
2 7 8 12 20 23
2 7 8 19 20 21
2 7 8 19 20 23
2 7 12 17 20 21
2 7 13 17 19 20
2 7 13 19 20 23
2 7 17 19 20 21
2 8 10 11 12 15
2 8 10 11 15 22
2 8 10 11 18 22
2 8 10 12 15 21
2 8 10 15 21 22
2 8 11 12 15 23
2 8 11 15 22 24
2 8 11 15 23 24
2 8 11 18 22 24
2 8 12 15 20 21
2 8 12 15 20 23
2 8 15 20 21 22
2 8 15 20 22 24
2 8 15 20 23 24
2 8 18 19 22 24
2 8 19 20 21 22
2 8 19 20 22 24
2 8 19 20 23 24
2 9 13 14 16 17
2 9 13 14 16 24
2 9 13 14 18 24
2 9 13 16 17 20
2 9 13 16 20 24
2 9 13 17 19 20
2 9 13 18 19 24
2 9 13 19 20 24
2 9 14 16 22 24
2 9 14 18 22 24
2 9 16 20 22 24
2 9 17 19 20 21
2 9 18 19 22 24
2 9 19 20 21 22
2 9 19 20 22 24
2 10 11 14 18 22
2 11 13 14 16 24
2 11 13 14 18 24
2 11 13 16 23 24
2 11 14 16 22 24
2 11 14 18 22 24
2 11 15 16 22 24
2 11 15 16 23 24
2 13 16 20 23 24
2 13 19 20 23 24
2 15 16 20 22 24
2 15 16 20 23 24
3 4 5 8 14 17
3 4 5 8 14 19
3 4 5 8 17 24
3 4 5 8 19 24
3 4 5 11 12 19
3 4 5 11 14 19
3 4 5 12 17 24
3 4 5 12 19 24
3 4 6 7 9 12
3 4 6 7 9 22
3 4 6 7 13 22
3 4 6 9 11 12
3 4 6 9 11 21
3 4 6 9 21 22
3 4 6 11 13 21
3 4 6 13 21 22
3 4 7 9 12 24
3 4 7 9 22 24
3 4 7 12 17 24
3 4 7 13 17 22
3 4 7 17 22 24
3 4 8 13 14 17
3 4 8 13 14 21
3 4 8 13 17 22
3 4 8 13 21 22
3 4 8 14 19 21
3 4 8 17 22 24
3 4 8 19 21 22
3 4 8 19 22 24
3 4 9 11 12 19
3 4 9 11 19 21
3 4 9 12 19 24
3 4 9 19 21 22
3 4 9 19 22 24
3 4 11 13 14 21
3 4 11 14 19 21
3 5 8 14 17 23
3 5 8 14 19 23
3 5 8 17 23 24
3 5 8 19 23 24
3 5 10 11 12 19
3 5 10 11 14 19
3 5 10 12 19 24
3 5 10 14 19 23
3 5 10 19 23 24
3 6 7 9 12 16
3 6 7 9 16 22
3 6 7 13 15 22
3 6 7 15 16 22
3 6 9 10 11 12
3 6 9 10 11 20
3 6 9 10 12 16
3 6 9 10 16 20
3 6 9 11 20 21
3 6 9 16 20 22
3 6 9 20 21 22
3 6 10 11 18 20
3 6 10 16 18 20
3 6 11 13 18 21
3 6 11 18 20 21
3 6 13 15 18 21
3 6 13 15 21 22
3 6 15 16 18 20
3 6 15 16 20 22
3 6 15 18 20 21
3 6 15 20 21 22
3 7 9 12 16 24
3 7 9 16 22 24
3 7 13 15 17 22
3 7 15 16 22 24
3 7 15 17 22 24
3 8 13 14 15 17
3 8 13 14 15 21
3 8 13 15 17 22
3 8 13 15 21 22
3 8 14 15 17 23
3 8 14 15 20 21
3 8 14 15 20 23
3 8 14 19 20 21
3 8 14 19 20 23
3 8 15 17 22 24
3 8 15 17 23 24
3 8 15 20 21 22
3 8 15 20 22 24
3 8 15 20 23 24
3 8 19 20 21 22
3 8 19 20 22 24
3 8 19 20 23 24
3 9 10 11 12 19
3 9 10 11 19 20
3 9 10 12 16 24
3 9 10 12 19 24
3 9 10 16 20 24
3 9 10 19 20 24
3 9 11 19 20 21
3 9 16 20 22 24
3 9 19 20 21 22
3 9 19 20 22 24
3 10 11 14 18 20
3 10 11 14 19 20
3 10 14 18 20 23
3 10 14 19 20 23
3 10 16 18 20 23
3 10 16 20 23 24
3 10 19 20 23 24
3 11 13 14 18 21
3 11 14 18 20 21
3 11 14 19 20 21
3 13 14 15 18 21
3 14 15 18 20 21
3 14 15 18 20 23
3 15 16 18 20 23
3 15 16 20 22 24
3 15 16 20 23 24
4 5 8 14 16 17
4 5 8 14 16 19
4 5 8 16 17 18
4 5 8 16 18 19
4 5 8 17 18 24
4 5 8 18 19 24
4 5 11 12 15 19
4 5 11 14 16 19
4 5 11 15 16 19
4 5 12 15 18 19
4 5 12 15 18 20
4 5 12 17 18 20
4 5 12 17 18 24
4 5 12 18 19 24
4 5 15 16 18 19
4 5 15 16 18 20
4 5 16 17 18 20
4 6 7 9 12 23
4 6 7 9 22 23
4 6 7 13 22 23
4 6 9 11 12 23
4 6 9 11 21 23
4 6 9 21 22 23
4 6 11 13 21 23
4 6 13 21 22 23
4 7 9 12 18 23
4 7 9 12 18 24
4 7 9 18 22 23
4 7 9 18 22 24
4 7 10 13 17 20
4 7 10 13 17 22
4 7 10 13 20 23
4 7 10 13 22 23
4 7 10 17 18 20
4 7 10 17 18 22
4 7 10 18 20 23
4 7 10 18 22 23
4 7 12 17 18 20
4 7 12 17 18 24
4 7 12 18 20 23
4 7 17 18 22 24
4 8 10 13 16 17
4 8 10 13 16 21
4 8 10 13 17 22
4 8 10 13 21 22
4 8 10 16 17 18
4 8 10 17 18 22
4 8 13 14 16 17
4 8 13 14 16 21
4 8 14 16 19 21
4 8 17 18 22 24
4 8 18 19 22 24
4 9 11 12 15 19
4 9 11 12 15 23
4 9 12 15 18 19
4 9 12 15 18 23
4 9 12 18 19 24
4 9 18 19 22 24
4 10 13 16 17 20
4 10 13 16 20 23
4 10 13 16 21 23
4 10 13 21 22 23
4 10 16 17 18 20
4 10 16 18 20 23
4 11 13 14 16 21
4 11 13 16 21 23
4 11 14 16 19 21
4 12 15 18 20 23
4 15 16 18 20 23
5 6 7 8 9 16
5 6 7 8 9 23
5 6 7 8 16 19
5 6 7 8 19 23
5 6 7 9 16 22
5 6 7 9 22 23
5 6 7 13 15 19
5 6 7 13 15 22
5 6 7 13 19 23
5 6 7 13 22 23
5 6 7 15 16 19
5 6 7 15 16 22
5 6 8 9 16 17
5 6 8 9 17 23
5 6 8 16 17 18
5 6 8 16 18 19
5 6 8 17 18 24
5 6 8 17 23 24
5 6 8 18 19 24
5 6 8 19 23 24
5 6 9 16 17 20
5 6 9 16 20 22
5 6 9 17 20 21
5 6 9 17 21 23
5 6 9 20 21 22
5 6 9 21 22 23
5 6 13 15 18 19
5 6 13 15 18 21
5 6 13 15 21 22
5 6 13 18 19 24
5 6 13 18 21 24
5 6 13 19 23 24
5 6 13 21 22 23
5 6 13 21 23 24
5 6 15 16 18 19
5 6 15 16 18 20
5 6 15 16 20 22
5 6 15 18 20 21
5 6 15 20 21 22
5 6 16 17 18 20
5 6 17 18 20 21
5 6 17 18 21 24
5 6 17 21 23 24
5 7 8 9 14 16
5 7 8 9 14 23
5 7 8 14 16 19
5 7 8 14 19 23
5 7 9 14 16 22
5 7 9 14 22 23
5 7 10 11 14 19
5 7 10 11 14 22
5 7 10 11 15 19
5 7 10 11 15 22
5 7 10 13 15 19
5 7 10 13 15 22
5 7 10 13 19 23
5 7 10 13 22 23
5 7 10 14 19 23
5 7 10 14 22 23
5 7 11 14 16 19
5 7 11 14 16 22
5 7 11 15 16 19
5 7 11 15 16 22
5 8 9 14 16 17
5 8 9 14 17 23
5 10 11 12 15 19
5 10 12 13 15 19
5 10 12 13 15 21
5 10 12 13 19 24
5 10 12 13 21 24
5 10 13 15 21 22
5 10 13 19 23 24
5 10 13 21 22 23
5 10 13 21 23 24
5 12 13 15 18 19
5 12 13 15 18 21
5 12 13 18 19 24
5 12 13 18 21 24
5 12 15 18 20 21
5 12 17 18 20 21
5 12 17 18 21 24
6 7 8 9 12 16
6 7 8 9 12 23
6 8 9 10 11 12
6 8 9 10 11 17
6 8 9 10 12 16
6 8 9 10 16 17
6 8 9 11 12 23
6 8 9 11 17 23
6 8 10 11 17 18
6 8 10 16 17 18
6 8 11 17 18 24
6 8 11 17 23 24
6 9 10 11 17 20
6 9 10 16 17 20
6 9 11 17 20 21
6 9 11 17 21 23
6 10 11 17 18 20
6 10 16 17 18 20
6 11 13 18 21 24
6 11 13 21 23 24
6 11 17 18 20 21
6 11 17 18 21 24
6 11 17 21 23 24
7 8 9 12 14 16
7 8 9 12 14 23
7 8 12 14 16 21
7 8 12 14 20 21
7 8 12 14 20 23
7 8 14 16 19 21
7 8 14 19 20 21
7 8 14 19 20 23
7 9 12 14 16 24
7 9 12 14 18 23
7 9 12 14 18 24
7 9 14 16 22 24
7 9 14 18 22 23
7 9 14 18 22 24
7 10 11 14 18 20
7 10 11 14 18 22
7 10 11 14 19 20
7 10 11 15 17 19
7 10 11 15 17 22
7 10 11 17 18 20
7 10 11 17 18 22
7 10 11 17 19 20
7 10 13 15 17 19
7 10 13 15 17 22
7 10 13 17 19 20
7 10 13 19 20 23
7 10 14 18 20 23
7 10 14 18 22 23
7 10 14 19 20 23
7 11 14 16 19 21
7 11 14 16 21 24
7 11 14 16 22 24
7 11 14 18 20 21
7 11 14 18 21 24
7 11 14 18 22 24
7 11 14 19 20 21
7 11 15 16 22 24
7 11 15 17 22 24
7 11 17 18 20 21
7 11 17 18 21 24
7 11 17 18 22 24
7 11 17 19 20 21
7 12 14 16 21 24
7 12 14 18 20 21
7 12 14 18 20 23
7 12 14 18 21 24
7 12 17 18 20 21
7 12 17 18 21 24
8 9 10 11 12 15
8 9 10 11 15 17
8 9 10 12 13 15
8 9 10 12 13 16
8 9 10 13 15 17
8 9 10 13 16 17
8 9 11 12 15 23
8 9 11 15 17 23
8 9 12 13 14 15
8 9 12 13 14 16
8 9 12 14 15 23
8 9 13 14 15 17
8 9 13 14 16 17
8 9 14 15 17 23
8 10 11 15 17 22
8 10 11 17 18 22
8 10 12 13 15 21
8 10 12 13 16 21
8 10 13 15 17 22
8 10 13 15 21 22
8 11 15 17 22 24
8 11 15 17 23 24
8 11 17 18 22 24
8 12 13 14 15 21
8 12 13 14 16 21
8 12 14 15 20 21
8 12 14 15 20 23
9 10 11 12 15 19
9 10 11 15 17 19
9 10 11 17 19 20
9 10 12 13 15 19
9 10 12 13 16 24
9 10 12 13 19 24
9 10 13 15 17 19
9 10 13 16 17 20
9 10 13 16 20 24
9 10 13 17 19 20
9 10 13 19 20 24
9 11 17 19 20 21
9 12 13 14 15 18
9 12 13 14 16 24
9 12 13 14 18 24
9 12 13 15 18 19
9 12 13 18 19 24
9 12 14 15 18 23
10 12 13 16 21 24
10 13 16 20 23 24
10 13 16 21 23 24
10 13 19 20 23 24
11 13 14 16 21 24
11 13 14 18 21 24
11 13 16 21 23 24
12 13 14 15 18 21
12 13 14 16 21 24
12 13 14 18 21 24
12 14 15 18 20 21
12 14 15 18 20 23

