####################################################################################
####################################################################################
####################################################################################
###                                                                              ###
###                                                                              ###
###  LIBRARY OF TRIANGULATIONS                                                   ###
###  by Bruno Benedetti and Frank H. Lutz                                        ###
###  http://page.math.tu-berlin.de/~lutz/stellar/library_of_triangulations.html  ###
###                                                                              ###
###                                                                              ###
###  name of example:                                                            ###
###                                                                              ###
###    S2xpoincare                                                               ###
###                                                                              ###
###                                                                              ###
###  description:                                                                ###
###                                                                              ###
###    product triangulation of  S^2xpoincare                                    ###
###                                                                              ###
###                                                                              ###
###  properties:                                                                 ###
###                                                                              ###
###    f=(64,1156,5784,11892,10800,3600),                                        ###
###    H_*=(Z,0,Z,Z,0,Z),                                                        ###
###    admits discrete Morse vector: (1,2,3,3,2,1),                              ###
###    best known lower bound:       (1,0,1,1,0,1)                               ###
###                                                                              ###
###                                                                              ###
###  references:                                                                 ###
###                                                                              ###
###    B. Benedetti and F. H. Lutz.                                              ###
###    Random discrete Morse theory and a new library of triangulations.         ###
###    Exp. Math. 23, 66-94 (2014).                                              ###
###                                                                              ###
###                                                                              ###
####################################################################################
####################################################################################
####################################################################################

1 2 4 9 25 41
1 2 4 9 25 57
1 2 4 9 41 57
1 2 4 15 31 47
1 2 4 15 31 63
1 2 4 15 47 63
1 2 4 20 25 41
1 2 4 20 25 57
1 2 4 20 31 47
1 2 4 20 31 63
1 2 4 20 36 41
1 2 4 20 36 47
1 2 4 20 52 57
1 2 4 20 52 63
1 2 4 36 41 57
1 2 4 36 47 63
1 2 4 36 52 57
1 2 4 36 52 63
1 2 6 14 30 46
1 2 6 14 30 62
1 2 6 14 46 62
1 2 6 15 31 47
1 2 6 15 31 63
1 2 6 15 47 63
1 2 6 22 30 46
1 2 6 22 30 62
1 2 6 22 31 47
1 2 6 22 31 63
1 2 6 22 38 46
1 2 6 22 38 47
1 2 6 22 54 62
1 2 6 22 54 63
1 2 6 38 46 62
1 2 6 38 47 63
1 2 6 38 54 62
1 2 6 38 54 63
1 2 9 14 30 46
1 2 9 14 30 62
1 2 9 14 46 62
1 2 9 25 30 46
1 2 9 25 30 62
1 2 9 25 41 46
1 2 9 25 57 62
1 2 9 41 46 62
1 2 9 41 57 62
1 2 18 20 25 41
1 2 18 20 25 57
1 2 18 20 31 47
1 2 18 20 31 63
1 2 18 20 36 41
1 2 18 20 36 47
1 2 18 20 52 57
1 2 18 20 52 63
1 2 18 22 30 46
1 2 18 22 30 62
1 2 18 22 31 47
1 2 18 22 31 63
1 2 18 22 38 46
1 2 18 22 38 47
1 2 18 22 54 62
1 2 18 22 54 63
1 2 18 25 30 46
1 2 18 25 30 62
1 2 18 25 41 46
1 2 18 25 57 62
1 2 18 34 36 41
1 2 18 34 36 47
1 2 18 34 38 46
1 2 18 34 38 47
1 2 18 34 41 46
1 2 18 50 52 57
1 2 18 50 52 63
1 2 18 50 54 62
1 2 18 50 54 63
1 2 18 50 57 62
1 2 34 36 41 57
1 2 34 36 47 63
1 2 34 36 52 57
1 2 34 36 52 63
1 2 34 38 46 62
1 2 34 38 47 63
1 2 34 38 54 62
1 2 34 38 54 63
1 2 34 41 46 62
1 2 34 41 57 62
1 2 34 50 52 57
1 2 34 50 52 63
1 2 34 50 54 62
1 2 34 50 54 63
1 2 34 50 57 62
1 3 4 12 28 44
1 3 4 12 28 60
1 3 4 12 44 60
1 3 4 15 31 47
1 3 4 15 31 63
1 3 4 15 47 63
1 3 4 20 28 44
1 3 4 20 28 60
1 3 4 20 31 47
1 3 4 20 31 63
1 3 4 20 36 44
1 3 4 20 36 47
1 3 4 20 52 60
1 3 4 20 52 63
1 3 4 36 44 60
1 3 4 36 47 63
1 3 4 36 52 60
1 3 4 36 52 63
1 3 7 10 26 42
1 3 7 10 26 58
1 3 7 10 42 58
1 3 7 12 28 44
1 3 7 12 28 60
1 3 7 12 44 60
1 3 7 23 26 42
1 3 7 23 26 58
1 3 7 23 28 44
1 3 7 23 28 60
1 3 7 23 39 42
1 3 7 23 39 44
1 3 7 23 55 58
1 3 7 23 55 60
1 3 7 39 42 58
1 3 7 39 44 60
1 3 7 39 55 58
1 3 7 39 55 60
1 3 10 15 31 47
1 3 10 15 31 63
1 3 10 15 47 63
1 3 10 26 31 47
1 3 10 26 31 63
1 3 10 26 42 47
1 3 10 26 58 63
1 3 10 42 47 63
1 3 10 42 58 63
1 3 19 20 28 44
1 3 19 20 28 60
1 3 19 20 31 47
1 3 19 20 31 63
1 3 19 20 36 44
1 3 19 20 36 47
1 3 19 20 52 60
1 3 19 20 52 63
1 3 19 23 26 42
1 3 19 23 26 58
1 3 19 23 28 44
1 3 19 23 28 60
1 3 19 23 39 42
1 3 19 23 39 44
1 3 19 23 55 58
1 3 19 23 55 60
1 3 19 26 31 47
1 3 19 26 31 63
1 3 19 26 42 47
1 3 19 26 58 63
1 3 19 35 36 44
1 3 19 35 36 47
1 3 19 35 39 42
1 3 19 35 39 44
1 3 19 35 42 47
1 3 19 51 52 60
1 3 19 51 52 63
1 3 19 51 55 58
1 3 19 51 55 60
1 3 19 51 58 63
1 3 35 36 44 60
1 3 35 36 47 63
1 3 35 36 52 60
1 3 35 36 52 63
1 3 35 39 42 58
1 3 35 39 44 60
1 3 35 39 55 58
1 3 35 39 55 60
1 3 35 42 47 63
1 3 35 42 58 63
1 3 35 51 52 60
1 3 35 51 52 63
1 3 35 51 55 58
1 3 35 51 55 60
1 3 35 51 58 63
1 4 9 12 28 44
1 4 9 12 28 60
1 4 9 12 44 60
1 4 9 25 28 44
1 4 9 25 28 60
1 4 9 25 41 44
1 4 9 25 57 60
1 4 9 41 44 60
1 4 9 41 57 60
1 4 20 25 28 44
1 4 20 25 28 60
1 4 20 25 41 44
1 4 20 25 57 60
1 4 20 36 41 44
1 4 20 52 57 60
1 4 36 41 44 60
1 4 36 41 57 60
1 4 36 52 57 60
1 5 6 13 29 45
1 5 6 13 29 61
1 5 6 13 45 61
1 5 6 14 30 46
1 5 6 14 30 62
1 5 6 14 46 62
1 5 6 22 29 45
1 5 6 22 29 61
1 5 6 22 30 46
1 5 6 22 30 62
1 5 6 22 38 45
1 5 6 22 38 46
1 5 6 22 54 61
1 5 6 22 54 62
1 5 6 38 45 61
1 5 6 38 46 62
1 5 6 38 54 61
1 5 6 38 54 62
1 5 8 11 27 43
1 5 8 11 27 59
1 5 8 11 43 59
1 5 8 13 29 45
1 5 8 13 29 61
1 5 8 13 45 61
1 5 8 24 27 43
1 5 8 24 27 59
1 5 8 24 29 45
1 5 8 24 29 61
1 5 8 24 40 43
1 5 8 24 40 45
1 5 8 24 56 59
1 5 8 24 56 61
1 5 8 40 43 59
1 5 8 40 45 61
1 5 8 40 56 59
1 5 8 40 56 61
1 5 11 14 30 46
1 5 11 14 30 62
1 5 11 14 46 62
1 5 11 27 30 46
1 5 11 27 30 62
1 5 11 27 43 46
1 5 11 27 59 62
1 5 11 43 46 62
1 5 11 43 59 62
1 5 21 22 29 45
1 5 21 22 29 61
1 5 21 22 30 46
1 5 21 22 30 62
1 5 21 22 38 45
1 5 21 22 38 46
1 5 21 22 54 61
1 5 21 22 54 62
1 5 21 24 27 43
1 5 21 24 27 59
1 5 21 24 29 45
1 5 21 24 29 61
1 5 21 24 40 43
1 5 21 24 40 45
1 5 21 24 56 59
1 5 21 24 56 61
1 5 21 27 30 46
1 5 21 27 30 62
1 5 21 27 43 46
1 5 21 27 59 62
1 5 21 37 38 45
1 5 21 37 38 46
1 5 21 37 40 43
1 5 21 37 40 45
1 5 21 37 43 46
1 5 21 53 54 61
1 5 21 53 54 62
1 5 21 53 56 59
1 5 21 53 56 61
1 5 21 53 59 62
1 5 37 38 45 61
1 5 37 38 46 62
1 5 37 38 54 61
1 5 37 38 54 62
1 5 37 40 43 59
1 5 37 40 45 61
1 5 37 40 56 59
1 5 37 40 56 61
1 5 37 43 46 62
1 5 37 43 59 62
1 5 37 53 54 61
1 5 37 53 54 62
1 5 37 53 56 59
1 5 37 53 56 61
1 5 37 53 59 62
1 6 13 15 31 47
1 6 13 15 31 63
1 6 13 15 47 63
1 6 13 29 31 47
1 6 13 29 31 63
1 6 13 29 45 47
1 6 13 29 61 63
1 6 13 45 47 63
1 6 13 45 61 63
1 6 22 29 31 47
1 6 22 29 31 63
1 6 22 29 45 47
1 6 22 29 61 63
1 6 22 38 45 47
1 6 22 54 61 63
1 6 38 45 47 63
1 6 38 45 61 63
1 6 38 54 61 63
1 7 8 10 26 42
1 7 8 10 26 58
1 7 8 10 42 58
1 7 8 11 27 43
1 7 8 11 27 59
1 7 8 11 43 59
1 7 8 24 26 42
1 7 8 24 26 58
1 7 8 24 27 43
1 7 8 24 27 59
1 7 8 24 40 42
1 7 8 24 40 43
1 7 8 24 56 58
1 7 8 24 56 59
1 7 8 40 42 58
1 7 8 40 43 59
1 7 8 40 56 58
1 7 8 40 56 59
1 7 11 12 28 44
1 7 11 12 28 60
1 7 11 12 44 60
1 7 11 27 28 44
1 7 11 27 28 60
1 7 11 27 43 44
1 7 11 27 59 60
1 7 11 43 44 60
1 7 11 43 59 60
1 7 23 24 26 42
1 7 23 24 26 58
1 7 23 24 27 43
1 7 23 24 27 59
1 7 23 24 40 42
1 7 23 24 40 43
1 7 23 24 56 58
1 7 23 24 56 59
1 7 23 27 28 44
1 7 23 27 28 60
1 7 23 27 43 44
1 7 23 27 59 60
1 7 23 39 40 42
1 7 23 39 40 43
1 7 23 39 43 44
1 7 23 55 56 58
1 7 23 55 56 59
1 7 23 55 59 60
1 7 39 40 42 58
1 7 39 40 43 59
1 7 39 40 56 58
1 7 39 40 56 59
1 7 39 43 44 60
1 7 39 43 59 60
1 7 39 55 56 58
1 7 39 55 56 59
1 7 39 55 59 60
1 8 10 13 29 45
1 8 10 13 29 61
1 8 10 13 45 61
1 8 10 26 29 45
1 8 10 26 29 61
1 8 10 26 42 45
1 8 10 26 58 61
1 8 10 42 45 61
1 8 10 42 58 61
1 8 24 26 29 45
1 8 24 26 29 61
1 8 24 26 42 45
1 8 24 26 58 61
1 8 24 40 42 45
1 8 24 56 58 61
1 8 40 42 45 61
1 8 40 42 58 61
1 8 40 56 58 61
1 9 11 12 28 44
1 9 11 12 28 60
1 9 11 12 44 60
1 9 11 14 30 46
1 9 11 14 30 62
1 9 11 14 46 62
1 9 11 27 28 44
1 9 11 27 28 60
1 9 11 27 30 46
1 9 11 27 30 62
1 9 11 27 43 44
1 9 11 27 43 46
1 9 11 27 59 60
1 9 11 27 59 62
1 9 11 43 44 60
1 9 11 43 46 62
1 9 11 43 59 60
1 9 11 43 59 62
1 9 25 27 28 44
1 9 25 27 28 60
1 9 25 27 30 46
1 9 25 27 30 62
1 9 25 27 43 44
1 9 25 27 43 46
1 9 25 27 59 60
1 9 25 27 59 62
1 9 25 41 43 44
1 9 25 41 43 46
1 9 25 57 59 60
1 9 25 57 59 62
1 9 41 43 44 60
1 9 41 43 46 62
1 9 41 43 59 60
1 9 41 43 59 62
1 9 41 57 59 60
1 9 41 57 59 62
1 10 13 15 31 47
1 10 13 15 31 63
1 10 13 15 47 63
1 10 13 29 31 47
1 10 13 29 31 63
1 10 13 29 45 47
1 10 13 29 61 63
1 10 13 45 47 63
1 10 13 45 61 63
1 10 26 29 31 47
1 10 26 29 31 63
1 10 26 29 45 47
1 10 26 29 61 63
1 10 26 42 45 47
1 10 26 58 61 63
1 10 42 45 47 63
1 10 42 45 61 63
1 10 42 58 61 63
1 17 18 20 25 41
1 17 18 20 25 57
1 17 18 20 31 47
1 17 18 20 31 63
1 17 18 20 36 41
1 17 18 20 36 47
1 17 18 20 52 57
1 17 18 20 52 63
1 17 18 22 30 46
1 17 18 22 30 62
1 17 18 22 31 47
1 17 18 22 31 63
1 17 18 22 38 46
1 17 18 22 38 47
1 17 18 22 54 62
1 17 18 22 54 63
1 17 18 25 30 46
1 17 18 25 30 62
1 17 18 25 41 46
1 17 18 25 57 62
1 17 18 34 36 41
1 17 18 34 36 47
1 17 18 34 38 46
1 17 18 34 38 47
1 17 18 34 41 46
1 17 18 50 52 57
1 17 18 50 52 63
1 17 18 50 54 62
1 17 18 50 54 63
1 17 18 50 57 62
1 17 19 20 28 44
1 17 19 20 28 60
1 17 19 20 31 47
1 17 19 20 31 63
1 17 19 20 36 44
1 17 19 20 36 47
1 17 19 20 52 60
1 17 19 20 52 63
1 17 19 23 26 42
1 17 19 23 26 58
1 17 19 23 28 44
1 17 19 23 28 60
1 17 19 23 39 42
1 17 19 23 39 44
1 17 19 23 55 58
1 17 19 23 55 60
1 17 19 26 31 47
1 17 19 26 31 63
1 17 19 26 42 47
1 17 19 26 58 63
1 17 19 35 36 44
1 17 19 35 36 47
1 17 19 35 39 42
1 17 19 35 39 44
1 17 19 35 42 47
1 17 19 51 52 60
1 17 19 51 52 63
1 17 19 51 55 58
1 17 19 51 55 60
1 17 19 51 58 63
1 17 20 25 28 44
1 17 20 25 28 60
1 17 20 25 41 44
1 17 20 25 57 60
1 17 20 36 41 44
1 17 20 52 57 60
1 17 21 22 29 45
1 17 21 22 29 61
1 17 21 22 30 46
1 17 21 22 30 62
1 17 21 22 38 45
1 17 21 22 38 46
1 17 21 22 54 61
1 17 21 22 54 62
1 17 21 24 27 43
1 17 21 24 27 59
1 17 21 24 29 45
1 17 21 24 29 61
1 17 21 24 40 43
1 17 21 24 40 45
1 17 21 24 56 59
1 17 21 24 56 61
1 17 21 27 30 46
1 17 21 27 30 62
1 17 21 27 43 46
1 17 21 27 59 62
1 17 21 37 38 45
1 17 21 37 38 46
1 17 21 37 40 43
1 17 21 37 40 45
1 17 21 37 43 46
1 17 21 53 54 61
1 17 21 53 54 62
1 17 21 53 56 59
1 17 21 53 56 61
1 17 21 53 59 62
1 17 22 29 31 47
1 17 22 29 31 63
1 17 22 29 45 47
1 17 22 29 61 63
1 17 22 38 45 47
1 17 22 54 61 63
1 17 23 24 26 42
1 17 23 24 26 58
1 17 23 24 27 43
1 17 23 24 27 59
1 17 23 24 40 42
1 17 23 24 40 43
1 17 23 24 56 58
1 17 23 24 56 59
1 17 23 27 28 44
1 17 23 27 28 60
1 17 23 27 43 44
1 17 23 27 59 60
1 17 23 39 40 42
1 17 23 39 40 43
1 17 23 39 43 44
1 17 23 55 56 58
1 17 23 55 56 59
1 17 23 55 59 60
1 17 24 26 29 45
1 17 24 26 29 61
1 17 24 26 42 45
1 17 24 26 58 61
1 17 24 40 42 45
1 17 24 56 58 61
1 17 25 27 28 44
1 17 25 27 28 60
1 17 25 27 30 46
1 17 25 27 30 62
1 17 25 27 43 44
1 17 25 27 43 46
1 17 25 27 59 60
1 17 25 27 59 62
1 17 25 41 43 44
1 17 25 41 43 46
1 17 25 57 59 60
1 17 25 57 59 62
1 17 26 29 31 47
1 17 26 29 31 63
1 17 26 29 45 47
1 17 26 29 61 63
1 17 26 42 45 47
1 17 26 58 61 63
1 17 33 34 36 41
1 17 33 34 36 47
1 17 33 34 38 46
1 17 33 34 38 47
1 17 33 34 41 46
1 17 33 35 36 44
1 17 33 35 36 47
1 17 33 35 39 42
1 17 33 35 39 44
1 17 33 35 42 47
1 17 33 36 41 44
1 17 33 37 38 45
1 17 33 37 38 46
1 17 33 37 40 43
1 17 33 37 40 45
1 17 33 37 43 46
1 17 33 38 45 47
1 17 33 39 40 42
1 17 33 39 40 43
1 17 33 39 43 44
1 17 33 40 42 45
1 17 33 41 43 44
1 17 33 41 43 46
1 17 33 42 45 47
1 17 49 50 52 57
1 17 49 50 52 63
1 17 49 50 54 62
1 17 49 50 54 63
1 17 49 50 57 62
1 17 49 51 52 60
1 17 49 51 52 63
1 17 49 51 55 58
1 17 49 51 55 60
1 17 49 51 58 63
1 17 49 52 57 60
1 17 49 53 54 61
1 17 49 53 54 62
1 17 49 53 56 59
1 17 49 53 56 61
1 17 49 53 59 62
1 17 49 54 61 63
1 17 49 55 56 58
1 17 49 55 56 59
1 17 49 55 59 60
1 17 49 56 58 61
1 17 49 57 59 60
1 17 49 57 59 62
1 17 49 58 61 63
1 33 34 36 41 57
1 33 34 36 47 63
1 33 34 36 52 57
1 33 34 36 52 63
1 33 34 38 46 62
1 33 34 38 47 63
1 33 34 38 54 62
1 33 34 38 54 63
1 33 34 41 46 62
1 33 34 41 57 62
1 33 34 50 52 57
1 33 34 50 52 63
1 33 34 50 54 62
1 33 34 50 54 63
1 33 34 50 57 62
1 33 35 36 44 60
1 33 35 36 47 63
1 33 35 36 52 60
1 33 35 36 52 63
1 33 35 39 42 58
1 33 35 39 44 60
1 33 35 39 55 58
1 33 35 39 55 60
1 33 35 42 47 63
1 33 35 42 58 63
1 33 35 51 52 60
1 33 35 51 52 63
1 33 35 51 55 58
1 33 35 51 55 60
1 33 35 51 58 63
1 33 36 41 44 60
1 33 36 41 57 60
1 33 36 52 57 60
1 33 37 38 45 61
1 33 37 38 46 62
1 33 37 38 54 61
1 33 37 38 54 62
1 33 37 40 43 59
1 33 37 40 45 61
1 33 37 40 56 59
1 33 37 40 56 61
1 33 37 43 46 62
1 33 37 43 59 62
1 33 37 53 54 61
1 33 37 53 54 62
1 33 37 53 56 59
1 33 37 53 56 61
1 33 37 53 59 62
1 33 38 45 47 63
1 33 38 45 61 63
1 33 38 54 61 63
1 33 39 40 42 58
1 33 39 40 43 59
1 33 39 40 56 58
1 33 39 40 56 59
1 33 39 43 44 60
1 33 39 43 59 60
1 33 39 55 56 58
1 33 39 55 56 59
1 33 39 55 59 60
1 33 40 42 45 61
1 33 40 42 58 61
1 33 40 56 58 61
1 33 41 43 44 60
1 33 41 43 46 62
1 33 41 43 59 60
1 33 41 43 59 62
1 33 41 57 59 60
1 33 41 57 59 62
1 33 42 45 47 63
1 33 42 45 61 63
1 33 42 58 61 63
1 33 49 50 52 57
1 33 49 50 52 63
1 33 49 50 54 62
1 33 49 50 54 63
1 33 49 50 57 62
1 33 49 51 52 60
1 33 49 51 52 63
1 33 49 51 55 58
1 33 49 51 55 60
1 33 49 51 58 63
1 33 49 52 57 60
1 33 49 53 54 61
1 33 49 53 54 62
1 33 49 53 56 59
1 33 49 53 56 61
1 33 49 53 59 62
1 33 49 54 61 63
1 33 49 55 56 58
1 33 49 55 56 59
1 33 49 55 59 60
1 33 49 56 58 61
1 33 49 57 59 60
1 33 49 57 59 62
1 33 49 58 61 63
2 3 5 10 26 42
2 3 5 10 26 58
2 3 5 10 42 58
2 3 5 11 27 43
2 3 5 11 27 59
2 3 5 11 43 59
2 3 5 21 26 42
2 3 5 21 26 58
2 3 5 21 27 43
2 3 5 21 27 59
2 3 5 21 37 42
2 3 5 21 37 43
2 3 5 21 53 58
2 3 5 21 53 59
2 3 5 37 42 58
2 3 5 37 43 59
2 3 5 37 53 58
2 3 5 37 53 59
2 3 7 10 26 42
2 3 7 10 26 58
2 3 7 10 42 58
2 3 7 13 29 45
2 3 7 13 29 61
2 3 7 13 45 61
2 3 7 23 26 42
2 3 7 23 26 58
2 3 7 23 29 45
2 3 7 23 29 61
2 3 7 23 39 42
2 3 7 23 39 45
2 3 7 23 55 58
2 3 7 23 55 61
2 3 7 39 42 58
2 3 7 39 45 61
2 3 7 39 55 58
2 3 7 39 55 61
2 3 11 13 29 45
2 3 11 13 29 61
2 3 11 13 45 61
2 3 11 27 29 45
2 3 11 27 29 61
2 3 11 27 43 45
2 3 11 27 59 61
2 3 11 43 45 61
2 3 11 43 59 61
2 3 19 21 26 42
2 3 19 21 26 58
2 3 19 21 27 43
2 3 19 21 27 59
2 3 19 21 37 42
2 3 19 21 37 43
2 3 19 21 53 58
2 3 19 21 53 59
2 3 19 23 26 42
2 3 19 23 26 58
2 3 19 23 29 45
2 3 19 23 29 61
2 3 19 23 39 42
2 3 19 23 39 45
2 3 19 23 55 58
2 3 19 23 55 61
2 3 19 27 29 45
2 3 19 27 29 61
2 3 19 27 43 45
2 3 19 27 59 61
2 3 19 35 37 42
2 3 19 35 37 43
2 3 19 35 39 42
2 3 19 35 39 45
2 3 19 35 43 45
2 3 19 51 53 58
2 3 19 51 53 59
2 3 19 51 55 58
2 3 19 51 55 61
2 3 19 51 59 61
2 3 35 37 42 58
2 3 35 37 43 59
2 3 35 37 53 58
2 3 35 37 53 59
2 3 35 39 42 58
2 3 35 39 45 61
2 3 35 39 55 58
2 3 35 39 55 61
2 3 35 43 45 61
2 3 35 43 59 61
2 3 35 51 53 58
2 3 35 51 53 59
2 3 35 51 55 58
2 3 35 51 55 61
2 3 35 51 59 61
2 4 9 13 29 45
2 4 9 13 29 61
2 4 9 13 45 61
2 4 9 25 29 45
2 4 9 25 29 61
2 4 9 25 41 45
2 4 9 25 57 61
2 4 9 41 45 61
2 4 9 41 57 61
2 4 11 13 29 45
2 4 11 13 29 61
2 4 11 13 45 61
2 4 11 15 31 47
2 4 11 15 31 63
2 4 11 15 47 63
2 4 11 27 29 45
2 4 11 27 29 61
2 4 11 27 31 47
2 4 11 27 31 63
2 4 11 27 43 45
2 4 11 27 43 47
2 4 11 27 59 61
2 4 11 27 59 63
2 4 11 43 45 61
2 4 11 43 47 63
2 4 11 43 59 61
2 4 11 43 59 63
2 4 20 25 29 45
2 4 20 25 29 61
2 4 20 25 41 45
2 4 20 25 57 61
2 4 20 27 29 45
2 4 20 27 29 61
2 4 20 27 31 47
2 4 20 27 31 63
2 4 20 27 43 45
2 4 20 27 43 47
2 4 20 27 59 61
2 4 20 27 59 63
2 4 20 36 41 45
2 4 20 36 43 45
2 4 20 36 43 47
2 4 20 52 57 61
2 4 20 52 59 61
2 4 20 52 59 63
2 4 36 41 45 61
2 4 36 41 57 61
2 4 36 43 45 61
2 4 36 43 47 63
2 4 36 43 59 61
2 4 36 43 59 63
2 4 36 52 57 61
2 4 36 52 59 61
2 4 36 52 59 63
2 5 8 11 27 43
2 5 8 11 27 59
2 5 8 11 43 59
2 5 8 12 28 44
2 5 8 12 28 60
2 5 8 12 44 60
2 5 8 24 27 43
2 5 8 24 27 59
2 5 8 24 28 44
2 5 8 24 28 60
2 5 8 24 40 43
2 5 8 24 40 44
2 5 8 24 56 59
2 5 8 24 56 60
2 5 8 40 43 59
2 5 8 40 44 60
2 5 8 40 56 59
2 5 8 40 56 60
2 5 10 12 28 44
2 5 10 12 28 60
2 5 10 12 44 60
2 5 10 26 28 44
2 5 10 26 28 60
2 5 10 26 42 44
2 5 10 26 58 60
2 5 10 42 44 60
2 5 10 42 58 60
2 5 21 24 27 43
2 5 21 24 27 59
2 5 21 24 28 44
2 5 21 24 28 60
2 5 21 24 40 43
2 5 21 24 40 44
2 5 21 24 56 59
2 5 21 24 56 60
2 5 21 26 28 44
2 5 21 26 28 60
2 5 21 26 42 44
2 5 21 26 58 60
2 5 21 37 40 43
2 5 21 37 40 44
2 5 21 37 42 44
2 5 21 53 56 59
2 5 21 53 56 60
2 5 21 53 58 60
2 5 37 40 43 59
2 5 37 40 44 60
2 5 37 40 56 59
2 5 37 40 56 60
2 5 37 42 44 60
2 5 37 42 58 60
2 5 37 53 56 59
2 5 37 53 56 60
2 5 37 53 58 60
2 6 10 12 28 44
2 6 10 12 28 60
2 6 10 12 44 60
2 6 10 14 30 46
2 6 10 14 30 62
2 6 10 14 46 62
2 6 10 26 28 44
2 6 10 26 28 60
2 6 10 26 30 46
2 6 10 26 30 62
2 6 10 26 42 44
2 6 10 26 42 46
2 6 10 26 58 60
2 6 10 26 58 62
2 6 10 42 44 60
2 6 10 42 46 62
2 6 10 42 58 60
2 6 10 42 58 62
2 6 12 15 31 47
2 6 12 15 31 63
2 6 12 15 47 63
2 6 12 28 31 47
2 6 12 28 31 63
2 6 12 28 44 47
2 6 12 28 60 63
2 6 12 44 47 63
2 6 12 44 60 63
2 6 22 26 28 44
2 6 22 26 28 60
2 6 22 26 30 46
2 6 22 26 30 62
2 6 22 26 42 44
2 6 22 26 42 46
2 6 22 26 58 60
2 6 22 26 58 62
2 6 22 28 31 47
2 6 22 28 31 63
2 6 22 28 44 47
2 6 22 28 60 63
2 6 22 38 42 44
2 6 22 38 42 46
2 6 22 38 44 47
2 6 22 54 58 60
2 6 22 54 58 62
2 6 22 54 60 63
2 6 38 42 44 60
2 6 38 42 46 62
2 6 38 42 58 60
2 6 38 42 58 62
2 6 38 44 47 63
2 6 38 44 60 63
2 6 38 54 58 60
2 6 38 54 58 62
2 6 38 54 60 63
2 7 9 13 29 45
2 7 9 13 29 61
2 7 9 13 45 61
2 7 9 14 30 46
2 7 9 14 30 62
2 7 9 14 46 62
2 7 9 25 29 45
2 7 9 25 29 61
2 7 9 25 30 46
2 7 9 25 30 62
2 7 9 25 41 45
2 7 9 25 41 46
2 7 9 25 57 61
2 7 9 25 57 62
2 7 9 41 45 61
2 7 9 41 46 62
2 7 9 41 57 61
2 7 9 41 57 62
2 7 10 14 30 46
2 7 10 14 30 62
2 7 10 14 46 62
2 7 10 26 30 46
2 7 10 26 30 62
2 7 10 26 42 46
2 7 10 26 58 62
2 7 10 42 46 62
2 7 10 42 58 62
2 7 23 25 29 45
2 7 23 25 29 61
2 7 23 25 30 46
2 7 23 25 30 62
2 7 23 25 41 45
2 7 23 25 41 46
2 7 23 25 57 61
2 7 23 25 57 62
2 7 23 26 30 46
2 7 23 26 30 62
2 7 23 26 42 46
2 7 23 26 58 62
2 7 23 39 41 45
2 7 23 39 41 46
2 7 23 39 42 46
2 7 23 55 57 61
2 7 23 55 57 62
2 7 23 55 58 62
2 7 39 41 45 61
2 7 39 41 46 62
2 7 39 41 57 61
2 7 39 41 57 62
2 7 39 42 46 62
2 7 39 42 58 62
2 7 39 55 57 61
2 7 39 55 57 62
2 7 39 55 58 62
2 8 11 15 31 47
2 8 11 15 31 63
2 8 11 15 47 63
2 8 11 27 31 47
2 8 11 27 31 63
2 8 11 27 43 47
2 8 11 27 59 63
2 8 11 43 47 63
2 8 11 43 59 63
2 8 12 15 31 47
2 8 12 15 31 63
2 8 12 15 47 63
2 8 12 28 31 47
2 8 12 28 31 63
2 8 12 28 44 47
2 8 12 28 60 63
2 8 12 44 47 63
2 8 12 44 60 63
2 8 24 27 31 47
2 8 24 27 31 63
2 8 24 27 43 47
2 8 24 27 59 63
2 8 24 28 31 47
2 8 24 28 31 63
2 8 24 28 44 47
2 8 24 28 60 63
2 8 24 40 43 47
2 8 24 40 44 47
2 8 24 56 59 63
2 8 24 56 60 63
2 8 40 43 47 63
2 8 40 43 59 63
2 8 40 44 47 63
2 8 40 44 60 63
2 8 40 56 59 63
2 8 40 56 60 63
2 18 19 21 26 42
2 18 19 21 26 58
2 18 19 21 27 43
2 18 19 21 27 59
2 18 19 21 37 42
2 18 19 21 37 43
2 18 19 21 53 58
2 18 19 21 53 59
2 18 19 23 26 42
2 18 19 23 26 58
2 18 19 23 29 45
2 18 19 23 29 61
2 18 19 23 39 42
2 18 19 23 39 45
2 18 19 23 55 58
2 18 19 23 55 61
2 18 19 27 29 45
2 18 19 27 29 61
2 18 19 27 43 45
2 18 19 27 59 61
2 18 19 35 37 42
2 18 19 35 37 43
2 18 19 35 39 42
2 18 19 35 39 45
2 18 19 35 43 45
2 18 19 51 53 58
2 18 19 51 53 59
2 18 19 51 55 58
2 18 19 51 55 61
2 18 19 51 59 61
2 18 20 25 29 45
2 18 20 25 29 61
2 18 20 25 41 45
2 18 20 25 57 61
2 18 20 27 29 45
2 18 20 27 29 61
2 18 20 27 31 47
2 18 20 27 31 63
2 18 20 27 43 45
2 18 20 27 43 47
2 18 20 27 59 61
2 18 20 27 59 63
2 18 20 36 41 45
2 18 20 36 43 45
2 18 20 36 43 47
2 18 20 52 57 61
2 18 20 52 59 61
2 18 20 52 59 63
2 18 21 24 27 43
2 18 21 24 27 59
2 18 21 24 28 44
2 18 21 24 28 60
2 18 21 24 40 43
2 18 21 24 40 44
2 18 21 24 56 59
2 18 21 24 56 60
2 18 21 26 28 44
2 18 21 26 28 60
2 18 21 26 42 44
2 18 21 26 58 60
2 18 21 37 40 43
2 18 21 37 40 44
2 18 21 37 42 44
2 18 21 53 56 59
2 18 21 53 56 60
2 18 21 53 58 60
2 18 22 26 28 44
2 18 22 26 28 60
2 18 22 26 30 46
2 18 22 26 30 62
2 18 22 26 42 44
2 18 22 26 42 46
2 18 22 26 58 60
2 18 22 26 58 62
2 18 22 28 31 47
2 18 22 28 31 63
2 18 22 28 44 47
2 18 22 28 60 63
2 18 22 38 42 44
2 18 22 38 42 46
2 18 22 38 44 47
2 18 22 54 58 60
2 18 22 54 58 62
2 18 22 54 60 63
2 18 23 25 29 45
2 18 23 25 29 61
2 18 23 25 30 46
2 18 23 25 30 62
2 18 23 25 41 45
2 18 23 25 41 46
2 18 23 25 57 61
2 18 23 25 57 62
2 18 23 26 30 46
2 18 23 26 30 62
2 18 23 26 42 46
2 18 23 26 58 62
2 18 23 39 41 45
2 18 23 39 41 46
2 18 23 39 42 46
2 18 23 55 57 61
2 18 23 55 57 62
2 18 23 55 58 62
2 18 24 27 31 47
2 18 24 27 31 63
2 18 24 27 43 47
2 18 24 27 59 63
2 18 24 28 31 47
2 18 24 28 31 63
2 18 24 28 44 47
2 18 24 28 60 63
2 18 24 40 43 47
2 18 24 40 44 47
2 18 24 56 59 63
2 18 24 56 60 63
2 18 34 35 37 42
2 18 34 35 37 43
2 18 34 35 39 42
2 18 34 35 39 45
2 18 34 35 43 45
2 18 34 36 41 45
2 18 34 36 43 45
2 18 34 36 43 47
2 18 34 37 40 43
2 18 34 37 40 44
2 18 34 37 42 44
2 18 34 38 42 44
2 18 34 38 42 46
2 18 34 38 44 47
2 18 34 39 41 45
2 18 34 39 41 46
2 18 34 39 42 46
2 18 34 40 43 47
2 18 34 40 44 47
2 18 50 51 53 58
2 18 50 51 53 59
2 18 50 51 55 58
2 18 50 51 55 61
2 18 50 51 59 61
2 18 50 52 57 61
2 18 50 52 59 61
2 18 50 52 59 63
2 18 50 53 56 59
2 18 50 53 56 60
2 18 50 53 58 60
2 18 50 54 58 60
2 18 50 54 58 62
2 18 50 54 60 63
2 18 50 55 57 61
2 18 50 55 57 62
2 18 50 55 58 62
2 18 50 56 59 63
2 18 50 56 60 63
2 34 35 37 42 58
2 34 35 37 43 59
2 34 35 37 53 58
2 34 35 37 53 59
2 34 35 39 42 58
2 34 35 39 45 61
2 34 35 39 55 58
2 34 35 39 55 61
2 34 35 43 45 61
2 34 35 43 59 61
2 34 35 51 53 58
2 34 35 51 53 59
2 34 35 51 55 58
2 34 35 51 55 61
2 34 35 51 59 61
2 34 36 41 45 61
2 34 36 41 57 61
2 34 36 43 45 61
2 34 36 43 47 63
2 34 36 43 59 61
2 34 36 43 59 63
2 34 36 52 57 61
2 34 36 52 59 61
2 34 36 52 59 63
2 34 37 40 43 59
2 34 37 40 44 60
2 34 37 40 56 59
2 34 37 40 56 60
2 34 37 42 44 60
2 34 37 42 58 60
2 34 37 53 56 59
2 34 37 53 56 60
2 34 37 53 58 60
2 34 38 42 44 60
2 34 38 42 46 62
2 34 38 42 58 60
2 34 38 42 58 62
2 34 38 44 47 63
2 34 38 44 60 63
2 34 38 54 58 60
2 34 38 54 58 62
2 34 38 54 60 63
2 34 39 41 45 61
2 34 39 41 46 62
2 34 39 41 57 61
2 34 39 41 57 62
2 34 39 42 46 62
2 34 39 42 58 62
2 34 39 55 57 61
2 34 39 55 57 62
2 34 39 55 58 62
2 34 40 43 47 63
2 34 40 43 59 63
2 34 40 44 47 63
2 34 40 44 60 63
2 34 40 56 59 63
2 34 40 56 60 63
2 34 50 51 53 58
2 34 50 51 53 59
2 34 50 51 55 58
2 34 50 51 55 61
2 34 50 51 59 61
2 34 50 52 57 61
2 34 50 52 59 61
2 34 50 52 59 63
2 34 50 53 56 59
2 34 50 53 56 60
2 34 50 53 58 60
2 34 50 54 58 60
2 34 50 54 58 62
2 34 50 54 60 63
2 34 50 55 57 61
2 34 50 55 57 62
2 34 50 55 58 62
2 34 50 56 59 63
2 34 50 56 60 63
3 4 5 14 30 46
3 4 5 14 30 62
3 4 5 14 46 62
3 4 5 15 31 47
3 4 5 15 31 63
3 4 5 15 47 63
3 4 5 21 30 46
3 4 5 21 30 62
3 4 5 21 31 47
3 4 5 21 31 63
3 4 5 21 37 46
3 4 5 21 37 47
3 4 5 21 53 62
3 4 5 21 53 63
3 4 5 37 46 62
3 4 5 37 47 63
3 4 5 37 53 62
3 4 5 37 53 63
3 4 12 14 30 46
3 4 12 14 30 62
3 4 12 14 46 62
3 4 12 28 30 46
3 4 12 28 30 62
3 4 12 28 44 46
3 4 12 28 60 62
3 4 12 44 46 62
3 4 12 44 60 62
3 4 20 21 30 46
3 4 20 21 30 62
3 4 20 21 31 47
3 4 20 21 31 63
3 4 20 21 37 46
3 4 20 21 37 47
3 4 20 21 53 62
3 4 20 21 53 63
3 4 20 28 30 46
3 4 20 28 30 62
3 4 20 28 44 46
3 4 20 28 60 62
3 4 20 36 37 46
3 4 20 36 37 47
3 4 20 36 44 46
3 4 20 52 53 62
3 4 20 52 53 63
3 4 20 52 60 62
3 4 36 37 46 62
3 4 36 37 47 63
3 4 36 37 53 62
3 4 36 37 53 63
3 4 36 44 46 62
3 4 36 44 60 62
3 4 36 52 53 62
3 4 36 52 53 63
3 4 36 52 60 62
3 5 10 15 31 47
3 5 10 15 31 63
3 5 10 15 47 63
3 5 10 26 31 47
3 5 10 26 31 63
3 5 10 26 42 47
3 5 10 26 58 63
3 5 10 42 47 63
3 5 10 42 58 63
3 5 11 14 30 46
3 5 11 14 30 62
3 5 11 14 46 62
3 5 11 27 30 46
3 5 11 27 30 62
3 5 11 27 43 46
3 5 11 27 59 62
3 5 11 43 46 62
3 5 11 43 59 62
3 5 21 26 31 47
3 5 21 26 31 63
3 5 21 26 42 47
3 5 21 26 58 63
3 5 21 27 30 46
3 5 21 27 30 62
3 5 21 27 43 46
3 5 21 27 59 62
3 5 21 37 42 47
3 5 21 37 43 46
3 5 21 53 58 63
3 5 21 53 59 62
3 5 37 42 47 63
3 5 37 42 58 63
3 5 37 43 46 62
3 5 37 43 59 62
3 5 37 53 58 63
3 5 37 53 59 62
3 7 12 13 29 45
3 7 12 13 29 61
3 7 12 13 45 61
3 7 12 28 29 45
3 7 12 28 29 61
3 7 12 28 44 45
3 7 12 28 60 61
3 7 12 44 45 61
3 7 12 44 60 61
3 7 23 28 29 45
3 7 23 28 29 61
3 7 23 28 44 45
3 7 23 28 60 61
3 7 23 39 44 45
3 7 23 55 60 61
3 7 39 44 45 61
3 7 39 44 60 61
3 7 39 55 60 61
3 11 13 14 30 46
3 11 13 14 30 62
3 11 13 14 46 62
3 11 13 29 30 46
3 11 13 29 30 62
3 11 13 29 45 46
3 11 13 29 61 62
3 11 13 45 46 62
3 11 13 45 61 62
3 11 27 29 30 46
3 11 27 29 30 62
3 11 27 29 45 46
3 11 27 29 61 62
3 11 27 43 45 46
3 11 27 59 61 62
3 11 43 45 46 62
3 11 43 45 61 62
3 11 43 59 61 62
3 12 13 14 30 46
3 12 13 14 30 62
3 12 13 14 46 62
3 12 13 29 30 46
3 12 13 29 30 62
3 12 13 29 45 46
3 12 13 29 61 62
3 12 13 45 46 62
3 12 13 45 61 62
3 12 28 29 30 46
3 12 28 29 30 62
3 12 28 29 45 46
3 12 28 29 61 62
3 12 28 44 45 46
3 12 28 60 61 62
3 12 44 45 46 62
3 12 44 45 61 62
3 12 44 60 61 62
3 19 20 21 30 46
3 19 20 21 30 62
3 19 20 21 31 47
3 19 20 21 31 63
3 19 20 21 37 46
3 19 20 21 37 47
3 19 20 21 53 62
3 19 20 21 53 63
3 19 20 28 30 46
3 19 20 28 30 62
3 19 20 28 44 46
3 19 20 28 60 62
3 19 20 36 37 46
3 19 20 36 37 47
3 19 20 36 44 46
3 19 20 52 53 62
3 19 20 52 53 63
3 19 20 52 60 62
3 19 21 26 31 47
3 19 21 26 31 63
3 19 21 26 42 47
3 19 21 26 58 63
3 19 21 27 30 46
3 19 21 27 30 62
3 19 21 27 43 46
3 19 21 27 59 62
3 19 21 37 42 47
3 19 21 37 43 46
3 19 21 53 58 63
3 19 21 53 59 62
3 19 23 28 29 45
3 19 23 28 29 61
3 19 23 28 44 45
3 19 23 28 60 61
3 19 23 39 44 45
3 19 23 55 60 61
3 19 27 29 30 46
3 19 27 29 30 62
3 19 27 29 45 46
3 19 27 29 61 62
3 19 27 43 45 46
3 19 27 59 61 62
3 19 28 29 30 46
3 19 28 29 30 62
3 19 28 29 45 46
3 19 28 29 61 62
3 19 28 44 45 46
3 19 28 60 61 62
3 19 35 36 37 46
3 19 35 36 37 47
3 19 35 36 44 46
3 19 35 37 42 47
3 19 35 37 43 46
3 19 35 39 44 45
3 19 35 43 45 46
3 19 35 44 45 46
3 19 51 52 53 62
3 19 51 52 53 63
3 19 51 52 60 62
3 19 51 53 58 63
3 19 51 53 59 62
3 19 51 55 60 61
3 19 51 59 61 62
3 19 51 60 61 62
3 35 36 37 46 62
3 35 36 37 47 63
3 35 36 37 53 62
3 35 36 37 53 63
3 35 36 44 46 62
3 35 36 44 60 62
3 35 36 52 53 62
3 35 36 52 53 63
3 35 36 52 60 62
3 35 37 42 47 63
3 35 37 42 58 63
3 35 37 43 46 62
3 35 37 43 59 62
3 35 37 53 58 63
3 35 37 53 59 62
3 35 39 44 45 61
3 35 39 44 60 61
3 35 39 55 60 61
3 35 43 45 46 62
3 35 43 45 61 62
3 35 43 59 61 62
3 35 44 45 46 62
3 35 44 45 61 62
3 35 44 60 61 62
3 35 51 52 53 62
3 35 51 52 53 63
3 35 51 52 60 62
3 35 51 53 58 63
3 35 51 53 59 62
3 35 51 55 60 61
3 35 51 59 61 62
3 35 51 60 61 62
4 5 6 7 23 39
4 5 6 7 23 55
4 5 6 7 39 55
4 5 6 14 30 46
4 5 6 14 30 62
4 5 6 14 46 62
4 5 6 22 23 39
4 5 6 22 23 55
4 5 6 22 30 46
4 5 6 22 30 62
4 5 6 22 38 39
4 5 6 22 38 46
4 5 6 22 54 55
4 5 6 22 54 62
4 5 6 38 39 55
4 5 6 38 46 62
4 5 6 38 54 55
4 5 6 38 54 62
4 5 7 15 31 47
4 5 7 15 31 63
4 5 7 15 47 63
4 5 7 23 31 47
4 5 7 23 31 63
4 5 7 23 39 47
4 5 7 23 55 63
4 5 7 39 47 63
4 5 7 39 55 63
4 5 21 22 23 39
4 5 21 22 23 55
4 5 21 22 30 46
4 5 21 22 30 62
4 5 21 22 38 39
4 5 21 22 38 46
4 5 21 22 54 55
4 5 21 22 54 62
4 5 21 23 31 47
4 5 21 23 31 63
4 5 21 23 39 47
4 5 21 23 55 63
4 5 21 37 38 39
4 5 21 37 38 46
4 5 21 37 39 47
4 5 21 53 54 55
4 5 21 53 54 62
4 5 21 53 55 63
4 5 37 38 39 55
4 5 37 38 46 62
4 5 37 38 54 55
4 5 37 38 54 62
4 5 37 39 47 63
4 5 37 39 55 63
4 5 37 53 54 55
4 5 37 53 54 62
4 5 37 53 55 63
4 6 7 11 27 43
4 6 7 11 27 59
4 6 7 11 43 59
4 6 7 23 27 43
4 6 7 23 27 59
4 6 7 23 39 43
4 6 7 23 55 59
4 6 7 39 43 59
4 6 7 39 55 59
4 6 10 11 27 43
4 6 10 11 27 59
4 6 10 11 43 59
4 6 10 14 30 46
4 6 10 14 30 62
4 6 10 14 46 62
4 6 10 26 27 43
4 6 10 26 27 59
4 6 10 26 30 46
4 6 10 26 30 62
4 6 10 26 42 43
4 6 10 26 42 46
4 6 10 26 58 59
4 6 10 26 58 62
4 6 10 42 43 59
4 6 10 42 46 62
4 6 10 42 58 59
4 6 10 42 58 62
4 6 22 23 27 43
4 6 22 23 27 59
4 6 22 23 39 43
4 6 22 23 55 59
4 6 22 26 27 43
4 6 22 26 27 59
4 6 22 26 30 46
4 6 22 26 30 62
4 6 22 26 42 43
4 6 22 26 42 46
4 6 22 26 58 59
4 6 22 26 58 62
4 6 22 38 39 43
4 6 22 38 42 43
4 6 22 38 42 46
4 6 22 54 55 59
4 6 22 54 58 59
4 6 22 54 58 62
4 6 38 39 43 59
4 6 38 39 55 59
4 6 38 42 43 59
4 6 38 42 46 62
4 6 38 42 58 59
4 6 38 42 58 62
4 6 38 54 55 59
4 6 38 54 58 59
4 6 38 54 58 62
4 7 11 15 31 47
4 7 11 15 31 63
4 7 11 15 47 63
4 7 11 27 31 47
4 7 11 27 31 63
4 7 11 27 43 47
4 7 11 27 59 63
4 7 11 43 47 63
4 7 11 43 59 63
4 7 23 27 31 47
4 7 23 27 31 63
4 7 23 27 43 47
4 7 23 27 59 63
4 7 23 39 43 47
4 7 23 55 59 63
4 7 39 43 47 63
4 7 39 43 59 63
4 7 39 55 59 63
4 8 9 12 28 44
4 8 9 12 28 60
4 8 9 12 44 60
4 8 9 13 29 45
4 8 9 13 29 61
4 8 9 13 45 61
4 8 9 25 28 44
4 8 9 25 28 60
4 8 9 25 29 45
4 8 9 25 29 61
4 8 9 25 41 44
4 8 9 25 41 45
4 8 9 25 57 60
4 8 9 25 57 61
4 8 9 41 44 60
4 8 9 41 45 61
4 8 9 41 57 60
4 8 9 41 57 61
4 8 10 13 29 45
4 8 10 13 29 61
4 8 10 13 45 61
4 8 10 14 30 46
4 8 10 14 30 62
4 8 10 14 46 62
4 8 10 26 29 45
4 8 10 26 29 61
4 8 10 26 30 46
4 8 10 26 30 62
4 8 10 26 42 45
4 8 10 26 42 46
4 8 10 26 58 61
4 8 10 26 58 62
4 8 10 42 45 61
4 8 10 42 46 62
4 8 10 42 58 61
4 8 10 42 58 62
4 8 12 14 30 46
4 8 12 14 30 62
4 8 12 14 46 62
4 8 12 28 30 46
4 8 12 28 30 62
4 8 12 28 44 46
4 8 12 28 60 62
4 8 12 44 46 62
4 8 12 44 60 62
4 8 24 25 28 44
4 8 24 25 28 60
4 8 24 25 29 45
4 8 24 25 29 61
4 8 24 25 41 44
4 8 24 25 41 45
4 8 24 25 57 60
4 8 24 25 57 61
4 8 24 26 29 45
4 8 24 26 29 61
4 8 24 26 30 46
4 8 24 26 30 62
4 8 24 26 42 45
4 8 24 26 42 46
4 8 24 26 58 61
4 8 24 26 58 62
4 8 24 28 30 46
4 8 24 28 30 62
4 8 24 28 44 46
4 8 24 28 60 62
4 8 24 40 41 44
4 8 24 40 41 45
4 8 24 40 42 45
4 8 24 40 42 46
4 8 24 40 44 46
4 8 24 56 57 60
4 8 24 56 57 61
4 8 24 56 58 61
4 8 24 56 58 62
4 8 24 56 60 62
4 8 40 41 44 60
4 8 40 41 45 61
4 8 40 41 57 60
4 8 40 41 57 61
4 8 40 42 45 61
4 8 40 42 46 62
4 8 40 42 58 61
4 8 40 42 58 62
4 8 40 44 46 62
4 8 40 44 60 62
4 8 40 56 57 60
4 8 40 56 57 61
4 8 40 56 58 61
4 8 40 56 58 62
4 8 40 56 60 62
4 10 11 13 29 45
4 10 11 13 29 61
4 10 11 13 45 61
4 10 11 27 29 45
4 10 11 27 29 61
4 10 11 27 43 45
4 10 11 27 59 61
4 10 11 43 45 61
4 10 11 43 59 61
4 10 26 27 29 45
4 10 26 27 29 61
4 10 26 27 43 45
4 10 26 27 59 61
4 10 26 42 43 45
4 10 26 58 59 61
4 10 42 43 45 61
4 10 42 43 59 61
4 10 42 58 59 61
4 20 21 22 23 39
4 20 21 22 23 55
4 20 21 22 30 46
4 20 21 22 30 62
4 20 21 22 38 39
4 20 21 22 38 46
4 20 21 22 54 55
4 20 21 22 54 62
4 20 21 23 31 47
4 20 21 23 31 63
4 20 21 23 39 47
4 20 21 23 55 63
4 20 21 37 38 39
4 20 21 37 38 46
4 20 21 37 39 47
4 20 21 53 54 55
4 20 21 53 54 62
4 20 21 53 55 63
4 20 22 23 27 43
4 20 22 23 27 59
4 20 22 23 39 43
4 20 22 23 55 59
4 20 22 26 27 43
4 20 22 26 27 59
4 20 22 26 30 46
4 20 22 26 30 62
4 20 22 26 42 43
4 20 22 26 42 46
4 20 22 26 58 59
4 20 22 26 58 62
4 20 22 38 39 43
4 20 22 38 42 43
4 20 22 38 42 46
4 20 22 54 55 59
4 20 22 54 58 59
4 20 22 54 58 62
4 20 23 27 31 47
4 20 23 27 31 63
4 20 23 27 43 47
4 20 23 27 59 63
4 20 23 39 43 47
4 20 23 55 59 63
4 20 24 25 28 44
4 20 24 25 28 60
4 20 24 25 29 45
4 20 24 25 29 61
4 20 24 25 41 44
4 20 24 25 41 45
4 20 24 25 57 60
4 20 24 25 57 61
4 20 24 26 29 45
4 20 24 26 29 61
4 20 24 26 30 46
4 20 24 26 30 62
4 20 24 26 42 45
4 20 24 26 42 46
4 20 24 26 58 61
4 20 24 26 58 62
4 20 24 28 30 46
4 20 24 28 30 62
4 20 24 28 44 46
4 20 24 28 60 62
4 20 24 40 41 44
4 20 24 40 41 45
4 20 24 40 42 45
4 20 24 40 42 46
4 20 24 40 44 46
4 20 24 56 57 60
4 20 24 56 57 61
4 20 24 56 58 61
4 20 24 56 58 62
4 20 24 56 60 62
4 20 26 27 29 45
4 20 26 27 29 61
4 20 26 27 43 45
4 20 26 27 59 61
4 20 26 42 43 45
4 20 26 58 59 61
4 20 36 37 38 39
4 20 36 37 38 46
4 20 36 37 39 47
4 20 36 38 39 43
4 20 36 38 42 43
4 20 36 38 42 46
4 20 36 39 43 47
4 20 36 40 41 44
4 20 36 40 41 45
4 20 36 40 42 45
4 20 36 40 42 46
4 20 36 40 44 46
4 20 36 42 43 45
4 20 52 53 54 55
4 20 52 53 54 62
4 20 52 53 55 63
4 20 52 54 55 59
4 20 52 54 58 59
4 20 52 54 58 62
4 20 52 55 59 63
4 20 52 56 57 60
4 20 52 56 57 61
4 20 52 56 58 61
4 20 52 56 58 62
4 20 52 56 60 62
4 20 52 58 59 61
4 36 37 38 39 55
4 36 37 38 46 62
4 36 37 38 54 55
4 36 37 38 54 62
4 36 37 39 47 63
4 36 37 39 55 63
4 36 37 53 54 55
4 36 37 53 54 62
4 36 37 53 55 63
4 36 38 39 43 59
4 36 38 39 55 59
4 36 38 42 43 59
4 36 38 42 46 62
4 36 38 42 58 59
4 36 38 42 58 62
4 36 38 54 55 59
4 36 38 54 58 59
4 36 38 54 58 62
4 36 39 43 47 63
4 36 39 43 59 63
4 36 39 55 59 63
4 36 40 41 44 60
4 36 40 41 45 61
4 36 40 41 57 60
4 36 40 41 57 61
4 36 40 42 45 61
4 36 40 42 46 62
4 36 40 42 58 61
4 36 40 42 58 62
4 36 40 44 46 62
4 36 40 44 60 62
4 36 40 56 57 60
4 36 40 56 57 61
4 36 40 56 58 61
4 36 40 56 58 62
4 36 40 56 60 62
4 36 42 43 45 61
4 36 42 43 59 61
4 36 42 58 59 61
4 36 52 53 54 55
4 36 52 53 54 62
4 36 52 53 55 63
4 36 52 54 55 59
4 36 52 54 58 59
4 36 52 54 58 62
4 36 52 55 59 63
4 36 52 56 57 60
4 36 52 56 57 61
4 36 52 56 58 61
4 36 52 56 58 62
4 36 52 56 60 62
4 36 52 58 59 61
5 6 7 13 29 45
5 6 7 13 29 61
5 6 7 13 45 61
5 6 7 23 29 45
5 6 7 23 29 61
5 6 7 23 39 45
5 6 7 23 55 61
5 6 7 39 45 61
5 6 7 39 55 61
5 6 22 23 29 45
5 6 22 23 29 61
5 6 22 23 39 45
5 6 22 23 55 61
5 6 22 38 39 45
5 6 22 54 55 61
5 6 38 39 45 61
5 6 38 39 55 61
5 6 38 54 55 61
5 7 9 13 29 45
5 7 9 13 29 61
5 7 9 13 45 61
5 7 9 15 31 47
5 7 9 15 31 63
5 7 9 15 47 63
5 7 9 25 29 45
5 7 9 25 29 61
5 7 9 25 31 47
5 7 9 25 31 63
5 7 9 25 41 45
5 7 9 25 41 47
5 7 9 25 57 61
5 7 9 25 57 63
5 7 9 41 45 61
5 7 9 41 47 63
5 7 9 41 57 61
5 7 9 41 57 63
5 7 23 25 29 45
5 7 23 25 29 61
5 7 23 25 31 47
5 7 23 25 31 63
5 7 23 25 41 45
5 7 23 25 41 47
5 7 23 25 57 61
5 7 23 25 57 63
5 7 23 39 41 45
5 7 23 39 41 47
5 7 23 55 57 61
5 7 23 55 57 63
5 7 39 41 45 61
5 7 39 41 47 63
5 7 39 41 57 61
5 7 39 41 57 63
5 7 39 55 57 61
5 7 39 55 57 63
5 8 9 12 28 44
5 8 9 12 28 60
5 8 9 12 44 60
5 8 9 13 29 45
5 8 9 13 29 61
5 8 9 13 45 61
5 8 9 25 28 44
5 8 9 25 28 60
5 8 9 25 29 45
5 8 9 25 29 61
5 8 9 25 41 44
5 8 9 25 41 45
5 8 9 25 57 60
5 8 9 25 57 61
5 8 9 41 44 60
5 8 9 41 45 61
5 8 9 41 57 60
5 8 9 41 57 61
5 8 24 25 28 44
5 8 24 25 28 60
5 8 24 25 29 45
5 8 24 25 29 61
5 8 24 25 41 44
5 8 24 25 41 45
5 8 24 25 57 60
5 8 24 25 57 61
5 8 24 40 41 44
5 8 24 40 41 45
5 8 24 56 57 60
5 8 24 56 57 61
5 8 40 41 44 60
5 8 40 41 45 61
5 8 40 41 57 60
5 8 40 41 57 61
5 8 40 56 57 60
5 8 40 56 57 61
5 9 10 12 28 44
5 9 10 12 28 60
5 9 10 12 44 60
5 9 10 15 31 47
5 9 10 15 31 63
5 9 10 15 47 63
5 9 10 26 28 44
5 9 10 26 28 60
5 9 10 26 31 47
5 9 10 26 31 63
5 9 10 26 42 44
5 9 10 26 42 47
5 9 10 26 58 60
5 9 10 26 58 63
5 9 10 42 44 60
5 9 10 42 47 63
5 9 10 42 58 60
5 9 10 42 58 63
5 9 25 26 28 44
5 9 25 26 28 60
5 9 25 26 31 47
5 9 25 26 31 63
5 9 25 26 42 44
5 9 25 26 42 47
5 9 25 26 58 60
5 9 25 26 58 63
5 9 25 41 42 44
5 9 25 41 42 47
5 9 25 57 58 60
5 9 25 57 58 63
5 9 41 42 44 60
5 9 41 42 47 63
5 9 41 42 58 60
5 9 41 42 58 63
5 9 41 57 58 60
5 9 41 57 58 63
5 21 22 23 29 45
5 21 22 23 29 61
5 21 22 23 39 45
5 21 22 23 55 61
5 21 22 38 39 45
5 21 22 54 55 61
5 21 23 25 29 45
5 21 23 25 29 61
5 21 23 25 31 47
5 21 23 25 31 63
5 21 23 25 41 45
5 21 23 25 41 47
5 21 23 25 57 61
5 21 23 25 57 63
5 21 23 39 41 45
5 21 23 39 41 47
5 21 23 55 57 61
5 21 23 55 57 63
5 21 24 25 28 44
5 21 24 25 28 60
5 21 24 25 29 45
5 21 24 25 29 61
5 21 24 25 41 44
5 21 24 25 41 45
5 21 24 25 57 60
5 21 24 25 57 61
5 21 24 40 41 44
5 21 24 40 41 45
5 21 24 56 57 60
5 21 24 56 57 61
5 21 25 26 28 44
5 21 25 26 28 60
5 21 25 26 31 47
5 21 25 26 31 63
5 21 25 26 42 44
5 21 25 26 42 47
5 21 25 26 58 60
5 21 25 26 58 63
5 21 25 41 42 44
5 21 25 41 42 47
5 21 25 57 58 60
5 21 25 57 58 63
5 21 37 38 39 45
5 21 37 39 41 45
5 21 37 39 41 47
5 21 37 40 41 44
5 21 37 40 41 45
5 21 37 41 42 44
5 21 37 41 42 47
5 21 53 54 55 61
5 21 53 55 57 61
5 21 53 55 57 63
5 21 53 56 57 60
5 21 53 56 57 61
5 21 53 57 58 60
5 21 53 57 58 63
5 37 38 39 45 61
5 37 38 39 55 61
5 37 38 54 55 61
5 37 39 41 45 61
5 37 39 41 47 63
5 37 39 41 57 61
5 37 39 41 57 63
5 37 39 55 57 61
5 37 39 55 57 63
5 37 40 41 44 60
5 37 40 41 45 61
5 37 40 41 57 60
5 37 40 41 57 61
5 37 40 56 57 60
5 37 40 56 57 61
5 37 41 42 44 60
5 37 41 42 47 63
5 37 41 42 58 60
5 37 41 42 58 63
5 37 41 57 58 60
5 37 41 57 58 63
5 37 53 54 55 61
5 37 53 55 57 61
5 37 53 55 57 63
5 37 53 56 57 60
5 37 53 56 57 61
5 37 53 57 58 60
5 37 53 57 58 63
6 7 11 12 28 44
6 7 11 12 28 60
6 7 11 12 44 60
6 7 11 27 28 44
6 7 11 27 28 60
6 7 11 27 43 44
6 7 11 27 59 60
6 7 11 43 44 60
6 7 11 43 59 60
6 7 12 13 29 45
6 7 12 13 29 61
6 7 12 13 45 61
6 7 12 28 29 45
6 7 12 28 29 61
6 7 12 28 44 45
6 7 12 28 60 61
6 7 12 44 45 61
6 7 12 44 60 61
6 7 23 27 28 44
6 7 23 27 28 60
6 7 23 27 43 44
6 7 23 27 59 60
6 7 23 28 29 45
6 7 23 28 29 61
6 7 23 28 44 45
6 7 23 28 60 61
6 7 23 39 43 44
6 7 23 39 44 45
6 7 23 55 59 60
6 7 23 55 60 61
6 7 39 43 44 60
6 7 39 43 59 60
6 7 39 44 45 61
6 7 39 44 60 61
6 7 39 55 59 60
6 7 39 55 60 61
6 10 11 12 28 44
6 10 11 12 28 60
6 10 11 12 44 60
6 10 11 27 28 44
6 10 11 27 28 60
6 10 11 27 43 44
6 10 11 27 59 60
6 10 11 43 44 60
6 10 11 43 59 60
6 10 26 27 28 44
6 10 26 27 28 60
6 10 26 27 43 44
6 10 26 27 59 60
6 10 26 42 43 44
6 10 26 58 59 60
6 10 42 43 44 60
6 10 42 43 59 60
6 10 42 58 59 60
6 12 13 15 31 47
6 12 13 15 31 63
6 12 13 15 47 63
6 12 13 29 31 47
6 12 13 29 31 63
6 12 13 29 45 47
6 12 13 29 61 63
6 12 13 45 47 63
6 12 13 45 61 63
6 12 28 29 31 47
6 12 28 29 31 63
6 12 28 29 45 47
6 12 28 29 61 63
6 12 28 44 45 47
6 12 28 60 61 63
6 12 44 45 47 63
6 12 44 45 61 63
6 12 44 60 61 63
6 22 23 27 28 44
6 22 23 27 28 60
6 22 23 27 43 44
6 22 23 27 59 60
6 22 23 28 29 45
6 22 23 28 29 61
6 22 23 28 44 45
6 22 23 28 60 61
6 22 23 39 43 44
6 22 23 39 44 45
6 22 23 55 59 60
6 22 23 55 60 61
6 22 26 27 28 44
6 22 26 27 28 60
6 22 26 27 43 44
6 22 26 27 59 60
6 22 26 42 43 44
6 22 26 58 59 60
6 22 28 29 31 47
6 22 28 29 31 63
6 22 28 29 45 47
6 22 28 29 61 63
6 22 28 44 45 47
6 22 28 60 61 63
6 22 38 39 43 44
6 22 38 39 44 45
6 22 38 42 43 44
6 22 38 44 45 47
6 22 54 55 59 60
6 22 54 55 60 61
6 22 54 58 59 60
6 22 54 60 61 63
6 38 39 43 44 60
6 38 39 43 59 60
6 38 39 44 45 61
6 38 39 44 60 61
6 38 39 55 59 60
6 38 39 55 60 61
6 38 42 43 44 60
6 38 42 43 59 60
6 38 42 58 59 60
6 38 44 45 47 63
6 38 44 45 61 63
6 38 44 60 61 63
6 38 54 55 59 60
6 38 54 55 60 61
6 38 54 58 59 60
6 38 54 60 61 63
7 8 10 14 30 46
7 8 10 14 30 62
7 8 10 14 46 62
7 8 10 26 30 46
7 8 10 26 30 62
7 8 10 26 42 46
7 8 10 26 58 62
7 8 10 42 46 62
7 8 10 42 58 62
7 8 11 15 31 47
7 8 11 15 31 63
7 8 11 15 47 63
7 8 11 27 31 47
7 8 11 27 31 63
7 8 11 27 43 47
7 8 11 27 59 63
7 8 11 43 47 63
7 8 11 43 59 63
7 8 14 15 31 47
7 8 14 15 31 63
7 8 14 15 47 63
7 8 14 30 31 47
7 8 14 30 31 63
7 8 14 30 46 47
7 8 14 30 62 63
7 8 14 46 47 63
7 8 14 46 62 63
7 8 24 26 30 46
7 8 24 26 30 62
7 8 24 26 42 46
7 8 24 26 58 62
7 8 24 27 31 47
7 8 24 27 31 63
7 8 24 27 43 47
7 8 24 27 59 63
7 8 24 30 31 47
7 8 24 30 31 63
7 8 24 30 46 47
7 8 24 30 62 63
7 8 24 40 42 46
7 8 24 40 43 47
7 8 24 40 46 47
7 8 24 56 58 62
7 8 24 56 59 63
7 8 24 56 62 63
7 8 40 42 46 62
7 8 40 42 58 62
7 8 40 43 47 63
7 8 40 43 59 63
7 8 40 46 47 63
7 8 40 46 62 63
7 8 40 56 58 62
7 8 40 56 59 63
7 8 40 56 62 63
7 9 14 15 31 47
7 9 14 15 31 63
7 9 14 15 47 63
7 9 14 30 31 47
7 9 14 30 31 63
7 9 14 30 46 47
7 9 14 30 62 63
7 9 14 46 47 63
7 9 14 46 62 63
7 9 25 30 31 47
7 9 25 30 31 63
7 9 25 30 46 47
7 9 25 30 62 63
7 9 25 41 46 47
7 9 25 57 62 63
7 9 41 46 47 63
7 9 41 46 62 63
7 9 41 57 62 63
7 23 24 26 30 46
7 23 24 26 30 62
7 23 24 26 42 46
7 23 24 26 58 62
7 23 24 27 31 47
7 23 24 27 31 63
7 23 24 27 43 47
7 23 24 27 59 63
7 23 24 30 31 47
7 23 24 30 31 63
7 23 24 30 46 47
7 23 24 30 62 63
7 23 24 40 42 46
7 23 24 40 43 47
7 23 24 40 46 47
7 23 24 56 58 62
7 23 24 56 59 63
7 23 24 56 62 63
7 23 25 30 31 47
7 23 25 30 31 63
7 23 25 30 46 47
7 23 25 30 62 63
7 23 25 41 46 47
7 23 25 57 62 63
7 23 39 40 42 46
7 23 39 40 43 47
7 23 39 40 46 47
7 23 39 41 46 47
7 23 55 56 58 62
7 23 55 56 59 63
7 23 55 56 62 63
7 23 55 57 62 63
7 39 40 42 46 62
7 39 40 42 58 62
7 39 40 43 47 63
7 39 40 43 59 63
7 39 40 46 47 63
7 39 40 46 62 63
7 39 40 56 58 62
7 39 40 56 59 63
7 39 40 56 62 63
7 39 41 46 47 63
7 39 41 46 62 63
7 39 41 57 62 63
7 39 55 56 58 62
7 39 55 56 59 63
7 39 55 56 62 63
7 39 55 57 62 63
8 12 14 15 31 47
8 12 14 15 31 63
8 12 14 15 47 63
8 12 14 30 31 47
8 12 14 30 31 63
8 12 14 30 46 47
8 12 14 30 62 63
8 12 14 46 47 63
8 12 14 46 62 63
8 12 28 30 31 47
8 12 28 30 31 63
8 12 28 30 46 47
8 12 28 30 62 63
8 12 28 44 46 47
8 12 28 60 62 63
8 12 44 46 47 63
8 12 44 46 62 63
8 12 44 60 62 63
8 24 28 30 31 47
8 24 28 30 31 63
8 24 28 30 46 47
8 24 28 30 62 63
8 24 28 44 46 47
8 24 28 60 62 63
8 24 40 44 46 47
8 24 56 60 62 63
8 40 44 46 47 63
8 40 44 46 62 63
8 40 44 60 62 63
8 40 56 60 62 63
9 10 11 12 28 44
9 10 11 12 28 60
9 10 11 12 44 60
9 10 11 16 32 48
9 10 11 16 32 64
9 10 11 16 48 64
9 10 11 27 28 44
9 10 11 27 28 60
9 10 11 27 32 48
9 10 11 27 32 64
9 10 11 27 43 44
9 10 11 27 43 48
9 10 11 27 59 60
9 10 11 27 59 64
9 10 11 43 44 60
9 10 11 43 48 64
9 10 11 43 59 60
9 10 11 43 59 64
9 10 15 16 32 48
9 10 15 16 32 64
9 10 15 16 48 64
9 10 15 31 32 48
9 10 15 31 32 64
9 10 15 31 47 48
9 10 15 31 63 64
9 10 15 47 48 64
9 10 15 47 63 64
9 10 26 27 28 44
9 10 26 27 28 60
9 10 26 27 32 48
9 10 26 27 32 64
9 10 26 27 43 44
9 10 26 27 43 48
9 10 26 27 59 60
9 10 26 27 59 64
9 10 26 31 32 48
9 10 26 31 32 64
9 10 26 31 47 48
9 10 26 31 63 64
9 10 26 42 43 44
9 10 26 42 43 48
9 10 26 42 47 48
9 10 26 58 59 60
9 10 26 58 59 64
9 10 26 58 63 64
9 10 42 43 44 60
9 10 42 43 48 64
9 10 42 43 59 60
9 10 42 43 59 64
9 10 42 47 48 64
9 10 42 47 63 64
9 10 42 58 59 60
9 10 42 58 59 64
9 10 42 58 63 64
9 11 14 16 32 48
9 11 14 16 32 64
9 11 14 16 48 64
9 11 14 30 32 48
9 11 14 30 32 64
9 11 14 30 46 48
9 11 14 30 62 64
9 11 14 46 48 64
9 11 14 46 62 64
9 11 27 30 32 48
9 11 27 30 32 64
9 11 27 30 46 48
9 11 27 30 62 64
9 11 27 43 46 48
9 11 27 59 62 64
9 11 43 46 48 64
9 11 43 46 62 64
9 11 43 59 62 64
9 14 15 16 32 48
9 14 15 16 32 64
9 14 15 16 48 64
9 14 15 31 32 48
9 14 15 31 32 64
9 14 15 31 47 48
9 14 15 31 63 64
9 14 15 47 48 64
9 14 15 47 63 64
9 14 30 31 32 48
9 14 30 31 32 64
9 14 30 31 47 48
9 14 30 31 63 64
9 14 30 46 47 48
9 14 30 62 63 64
9 14 46 47 48 64
9 14 46 47 63 64
9 14 46 62 63 64
9 25 26 27 28 44
9 25 26 27 28 60
9 25 26 27 32 48
9 25 26 27 32 64
9 25 26 27 43 44
9 25 26 27 43 48
9 25 26 27 59 60
9 25 26 27 59 64
9 25 26 31 32 48
9 25 26 31 32 64
9 25 26 31 47 48
9 25 26 31 63 64
9 25 26 42 43 44
9 25 26 42 43 48
9 25 26 42 47 48
9 25 26 58 59 60
9 25 26 58 59 64
9 25 26 58 63 64
9 25 27 30 32 48
9 25 27 30 32 64
9 25 27 30 46 48
9 25 27 30 62 64
9 25 27 43 46 48
9 25 27 59 62 64
9 25 30 31 32 48
9 25 30 31 32 64
9 25 30 31 47 48
9 25 30 31 63 64
9 25 30 46 47 48
9 25 30 62 63 64
9 25 41 42 43 44
9 25 41 42 43 48
9 25 41 42 47 48
9 25 41 43 46 48
9 25 41 46 47 48
9 25 57 58 59 60
9 25 57 58 59 64
9 25 57 58 63 64
9 25 57 59 62 64
9 25 57 62 63 64
9 41 42 43 44 60
9 41 42 43 48 64
9 41 42 43 59 60
9 41 42 43 59 64
9 41 42 47 48 64
9 41 42 47 63 64
9 41 42 58 59 60
9 41 42 58 59 64
9 41 42 58 63 64
9 41 43 46 48 64
9 41 43 46 62 64
9 41 43 59 62 64
9 41 46 47 48 64
9 41 46 47 63 64
9 41 46 62 63 64
9 41 57 58 59 60
9 41 57 58 59 64
9 41 57 58 63 64
9 41 57 59 62 64
9 41 57 62 63 64
10 11 13 16 32 48
10 11 13 16 32 64
10 11 13 16 48 64
10 11 13 29 32 48
10 11 13 29 32 64
10 11 13 29 45 48
10 11 13 29 61 64
10 11 13 45 48 64
10 11 13 45 61 64
10 11 27 29 32 48
10 11 27 29 32 64
10 11 27 29 45 48
10 11 27 29 61 64
10 11 27 43 45 48
10 11 27 59 61 64
10 11 43 45 48 64
10 11 43 45 61 64
10 11 43 59 61 64
10 13 15 16 32 48
10 13 15 16 32 64
10 13 15 16 48 64
10 13 15 31 32 48
10 13 15 31 32 64
10 13 15 31 47 48
10 13 15 31 63 64
10 13 15 47 48 64
10 13 15 47 63 64
10 13 29 31 32 48
10 13 29 31 32 64
10 13 29 31 47 48
10 13 29 31 63 64
10 13 29 45 47 48
10 13 29 61 63 64
10 13 45 47 48 64
10 13 45 47 63 64
10 13 45 61 63 64
10 26 27 29 32 48
10 26 27 29 32 64
10 26 27 29 45 48
10 26 27 29 61 64
10 26 27 43 45 48
10 26 27 59 61 64
10 26 29 31 32 48
10 26 29 31 32 64
10 26 29 31 47 48
10 26 29 31 63 64
10 26 29 45 47 48
10 26 29 61 63 64
10 26 42 43 45 48
10 26 42 45 47 48
10 26 58 59 61 64
10 26 58 61 63 64
10 42 43 45 48 64
10 42 43 45 61 64
10 42 43 59 61 64
10 42 45 47 48 64
10 42 45 47 63 64
10 42 45 61 63 64
10 42 58 59 61 64
10 42 58 61 63 64
11 13 14 16 32 48
11 13 14 16 32 64
11 13 14 16 48 64
11 13 14 30 32 48
11 13 14 30 32 64
11 13 14 30 46 48
11 13 14 30 62 64
11 13 14 46 48 64
11 13 14 46 62 64
11 13 29 30 32 48
11 13 29 30 32 64
11 13 29 30 46 48
11 13 29 30 62 64
11 13 29 45 46 48
11 13 29 61 62 64
11 13 45 46 48 64
11 13 45 46 62 64
11 13 45 61 62 64
11 27 29 30 32 48
11 27 29 30 32 64
11 27 29 30 46 48
11 27 29 30 62 64
11 27 29 45 46 48
11 27 29 61 62 64
11 27 43 45 46 48
11 27 59 61 62 64
11 43 45 46 48 64
11 43 45 46 62 64
11 43 45 61 62 64
11 43 59 61 62 64
12 13 14 15 31 47
12 13 14 15 31 63
12 13 14 15 47 63
12 13 14 30 31 47
12 13 14 30 31 63
12 13 14 30 46 47
12 13 14 30 62 63
12 13 14 46 47 63
12 13 14 46 62 63
12 13 29 30 31 47
12 13 29 30 31 63
12 13 29 30 46 47
12 13 29 30 62 63
12 13 29 45 46 47
12 13 29 61 62 63
12 13 45 46 47 63
12 13 45 46 62 63
12 13 45 61 62 63
12 28 29 30 31 47
12 28 29 30 31 63
12 28 29 30 46 47
12 28 29 30 62 63
12 28 29 45 46 47
12 28 29 61 62 63
12 28 44 45 46 47
12 28 60 61 62 63
12 44 45 46 47 63
12 44 45 46 62 63
12 44 45 61 62 63
12 44 60 61 62 63
13 14 15 16 32 48
13 14 15 16 32 64
13 14 15 16 48 64
13 14 15 31 32 48
13 14 15 31 32 64
13 14 15 31 47 48
13 14 15 31 63 64
13 14 15 47 48 64
13 14 15 47 63 64
13 14 30 31 32 48
13 14 30 31 32 64
13 14 30 31 47 48
13 14 30 31 63 64
13 14 30 46 47 48
13 14 30 62 63 64
13 14 46 47 48 64
13 14 46 47 63 64
13 14 46 62 63 64
13 29 30 31 32 48
13 29 30 31 32 64
13 29 30 31 47 48
13 29 30 31 63 64
13 29 30 46 47 48
13 29 30 62 63 64
13 29 45 46 47 48
13 29 61 62 63 64
13 45 46 47 48 64
13 45 46 47 63 64
13 45 46 62 63 64
13 45 61 62 63 64
17 18 20 25 41 57
17 18 20 31 47 63
17 18 20 36 41 57
17 18 20 36 47 63
17 18 20 36 52 57
17 18 20 36 52 63
17 18 22 30 46 62
17 18 22 31 47 63
17 18 22 38 46 62
17 18 22 38 47 63
17 18 22 38 54 62
17 18 22 38 54 63
17 18 25 30 46 62
17 18 25 41 46 62
17 18 25 41 57 62
17 18 34 36 41 57
17 18 34 36 47 63
17 18 34 36 52 57
17 18 34 36 52 63
17 18 34 38 46 62
17 18 34 38 47 63
17 18 34 38 54 62
17 18 34 38 54 63
17 18 34 41 46 62
17 18 34 41 57 62
17 18 34 50 52 57
17 18 34 50 52 63
17 18 34 50 54 62
17 18 34 50 54 63
17 18 34 50 57 62
17 19 20 28 44 60
17 19 20 31 47 63
17 19 20 36 44 60
17 19 20 36 47 63
17 19 20 36 52 60
17 19 20 36 52 63
17 19 23 26 42 58
17 19 23 28 44 60
17 19 23 39 42 58
17 19 23 39 44 60
17 19 23 39 55 58
17 19 23 39 55 60
17 19 26 31 47 63
17 19 26 42 47 63
17 19 26 42 58 63
17 19 35 36 44 60
17 19 35 36 47 63
17 19 35 36 52 60
17 19 35 36 52 63
17 19 35 39 42 58
17 19 35 39 44 60
17 19 35 39 55 58
17 19 35 39 55 60
17 19 35 42 47 63
17 19 35 42 58 63
17 19 35 51 52 60
17 19 35 51 52 63
17 19 35 51 55 58
17 19 35 51 55 60
17 19 35 51 58 63
17 20 25 28 44 60
17 20 25 41 44 60
17 20 25 41 57 60
17 20 36 41 44 60
17 20 36 41 57 60
17 20 36 52 57 60
17 21 22 29 45 61
17 21 22 30 46 62
17 21 22 38 45 61
17 21 22 38 46 62
17 21 22 38 54 61
17 21 22 38 54 62
17 21 24 27 43 59
17 21 24 29 45 61
17 21 24 40 43 59
17 21 24 40 45 61
17 21 24 40 56 59
17 21 24 40 56 61
17 21 27 30 46 62
17 21 27 43 46 62
17 21 27 43 59 62
17 21 37 38 45 61
17 21 37 38 46 62
17 21 37 38 54 61
17 21 37 38 54 62
17 21 37 40 43 59
17 21 37 40 45 61
17 21 37 40 56 59
17 21 37 40 56 61
17 21 37 43 46 62
17 21 37 43 59 62
17 21 37 53 54 61
17 21 37 53 54 62
17 21 37 53 56 59
17 21 37 53 56 61
17 21 37 53 59 62
17 22 29 31 47 63
17 22 29 45 47 63
17 22 29 45 61 63
17 22 38 45 47 63
17 22 38 45 61 63
17 22 38 54 61 63
17 23 24 26 42 58
17 23 24 27 43 59
17 23 24 40 42 58
17 23 24 40 43 59
17 23 24 40 56 58
17 23 24 40 56 59
17 23 27 28 44 60
17 23 27 43 44 60
17 23 27 43 59 60
17 23 39 40 42 58
17 23 39 40 43 59
17 23 39 40 56 58
17 23 39 40 56 59
17 23 39 43 44 60
17 23 39 43 59 60
17 23 39 55 56 58
17 23 39 55 56 59
17 23 39 55 59 60
17 24 26 29 45 61
17 24 26 42 45 61
17 24 26 42 58 61
17 24 40 42 45 61
17 24 40 42 58 61
17 24 40 56 58 61
17 25 27 28 44 60
17 25 27 30 46 62
17 25 27 43 44 60
17 25 27 43 46 62
17 25 27 43 59 60
17 25 27 43 59 62
17 25 41 43 44 60
17 25 41 43 46 62
17 25 41 43 59 60
17 25 41 43 59 62
17 25 41 57 59 60
17 25 41 57 59 62
17 26 29 31 47 63
17 26 29 45 47 63
17 26 29 45 61 63
17 26 42 45 47 63
17 26 42 45 61 63
17 26 42 58 61 63
17 33 34 36 41 57
17 33 34 36 47 63
17 33 34 36 52 57
17 33 34 36 52 63
17 33 34 38 46 62
17 33 34 38 47 63
17 33 34 38 54 62
17 33 34 38 54 63
17 33 34 41 46 62
17 33 34 41 57 62
17 33 34 50 52 57
17 33 34 50 52 63
17 33 34 50 54 62
17 33 34 50 54 63
17 33 34 50 57 62
17 33 35 36 44 60
17 33 35 36 47 63
17 33 35 36 52 60
17 33 35 36 52 63
17 33 35 39 42 58
17 33 35 39 44 60
17 33 35 39 55 58
17 33 35 39 55 60
17 33 35 42 47 63
17 33 35 42 58 63
17 33 35 51 52 60
17 33 35 51 52 63
17 33 35 51 55 58
17 33 35 51 55 60
17 33 35 51 58 63
17 33 36 41 44 60
17 33 36 41 57 60
17 33 36 52 57 60
17 33 37 38 45 61
17 33 37 38 46 62
17 33 37 38 54 61
17 33 37 38 54 62
17 33 37 40 43 59
17 33 37 40 45 61
17 33 37 40 56 59
17 33 37 40 56 61
17 33 37 43 46 62
17 33 37 43 59 62
17 33 37 53 54 61
17 33 37 53 54 62
17 33 37 53 56 59
17 33 37 53 56 61
17 33 37 53 59 62
17 33 38 45 47 63
17 33 38 45 61 63
17 33 38 54 61 63
17 33 39 40 42 58
17 33 39 40 43 59
17 33 39 40 56 58
17 33 39 40 56 59
17 33 39 43 44 60
17 33 39 43 59 60
17 33 39 55 56 58
17 33 39 55 56 59
17 33 39 55 59 60
17 33 40 42 45 61
17 33 40 42 58 61
17 33 40 56 58 61
17 33 41 43 44 60
17 33 41 43 46 62
17 33 41 43 59 60
17 33 41 43 59 62
17 33 41 57 59 60
17 33 41 57 59 62
17 33 42 45 47 63
17 33 42 45 61 63
17 33 42 58 61 63
17 33 49 50 52 57
17 33 49 50 52 63
17 33 49 50 54 62
17 33 49 50 54 63
17 33 49 50 57 62
17 33 49 51 52 60
17 33 49 51 52 63
17 33 49 51 55 58
17 33 49 51 55 60
17 33 49 51 58 63
17 33 49 52 57 60
17 33 49 53 54 61
17 33 49 53 54 62
17 33 49 53 56 59
17 33 49 53 56 61
17 33 49 53 59 62
17 33 49 54 61 63
17 33 49 55 56 58
17 33 49 55 56 59
17 33 49 55 59 60
17 33 49 56 58 61
17 33 49 57 59 60
17 33 49 57 59 62
17 33 49 58 61 63
18 19 21 26 42 58
18 19 21 27 43 59
18 19 21 37 42 58
18 19 21 37 43 59
18 19 21 37 53 58
18 19 21 37 53 59
18 19 23 26 42 58
18 19 23 29 45 61
18 19 23 39 42 58
18 19 23 39 45 61
18 19 23 39 55 58
18 19 23 39 55 61
18 19 27 29 45 61
18 19 27 43 45 61
18 19 27 43 59 61
18 19 35 37 42 58
18 19 35 37 43 59
18 19 35 37 53 58
18 19 35 37 53 59
18 19 35 39 42 58
18 19 35 39 45 61
18 19 35 39 55 58
18 19 35 39 55 61
18 19 35 43 45 61
18 19 35 43 59 61
18 19 35 51 53 58
18 19 35 51 53 59
18 19 35 51 55 58
18 19 35 51 55 61
18 19 35 51 59 61
18 20 25 29 45 61
18 20 25 41 45 61
18 20 25 41 57 61
18 20 27 29 45 61
18 20 27 31 47 63
18 20 27 43 45 61
18 20 27 43 47 63
18 20 27 43 59 61
18 20 27 43 59 63
18 20 36 41 45 61
18 20 36 41 57 61
18 20 36 43 45 61
18 20 36 43 47 63
18 20 36 43 59 61
18 20 36 43 59 63
18 20 36 52 57 61
18 20 36 52 59 61
18 20 36 52 59 63
18 21 24 27 43 59
18 21 24 28 44 60
18 21 24 40 43 59
18 21 24 40 44 60
18 21 24 40 56 59
18 21 24 40 56 60
18 21 26 28 44 60
18 21 26 42 44 60
18 21 26 42 58 60
18 21 37 40 43 59
18 21 37 40 44 60
18 21 37 40 56 59
18 21 37 40 56 60
18 21 37 42 44 60
18 21 37 42 58 60
18 21 37 53 56 59
18 21 37 53 56 60
18 21 37 53 58 60
18 22 26 28 44 60
18 22 26 30 46 62
18 22 26 42 44 60
18 22 26 42 46 62
18 22 26 42 58 60
18 22 26 42 58 62
18 22 28 31 47 63
18 22 28 44 47 63
18 22 28 44 60 63
18 22 38 42 44 60
18 22 38 42 46 62
18 22 38 42 58 60
18 22 38 42 58 62
18 22 38 44 47 63
18 22 38 44 60 63
18 22 38 54 58 60
18 22 38 54 58 62
18 22 38 54 60 63
18 23 25 29 45 61
18 23 25 30 46 62
18 23 25 41 45 61
18 23 25 41 46 62
18 23 25 41 57 61
18 23 25 41 57 62
18 23 26 30 46 62
18 23 26 42 46 62
18 23 26 42 58 62
18 23 39 41 45 61
18 23 39 41 46 62
18 23 39 41 57 61
18 23 39 41 57 62
18 23 39 42 46 62
18 23 39 42 58 62
18 23 39 55 57 61
18 23 39 55 57 62
18 23 39 55 58 62
18 24 27 31 47 63
18 24 27 43 47 63
18 24 27 43 59 63
18 24 28 31 47 63
18 24 28 44 47 63
18 24 28 44 60 63
18 24 40 43 47 63
18 24 40 43 59 63
18 24 40 44 47 63
18 24 40 44 60 63
18 24 40 56 59 63
18 24 40 56 60 63
18 34 35 37 42 58
18 34 35 37 43 59
18 34 35 37 53 58
18 34 35 37 53 59
18 34 35 39 42 58
18 34 35 39 45 61
18 34 35 39 55 58
18 34 35 39 55 61
18 34 35 43 45 61
18 34 35 43 59 61
18 34 35 51 53 58
18 34 35 51 53 59
18 34 35 51 55 58
18 34 35 51 55 61
18 34 35 51 59 61
18 34 36 41 45 61
18 34 36 41 57 61
18 34 36 43 45 61
18 34 36 43 47 63
18 34 36 43 59 61
18 34 36 43 59 63
18 34 36 52 57 61
18 34 36 52 59 61
18 34 36 52 59 63
18 34 37 40 43 59
18 34 37 40 44 60
18 34 37 40 56 59
18 34 37 40 56 60
18 34 37 42 44 60
18 34 37 42 58 60
18 34 37 53 56 59
18 34 37 53 56 60
18 34 37 53 58 60
18 34 38 42 44 60
18 34 38 42 46 62
18 34 38 42 58 60
18 34 38 42 58 62
18 34 38 44 47 63
18 34 38 44 60 63
18 34 38 54 58 60
18 34 38 54 58 62
18 34 38 54 60 63
18 34 39 41 45 61
18 34 39 41 46 62
18 34 39 41 57 61
18 34 39 41 57 62
18 34 39 42 46 62
18 34 39 42 58 62
18 34 39 55 57 61
18 34 39 55 57 62
18 34 39 55 58 62
18 34 40 43 47 63
18 34 40 43 59 63
18 34 40 44 47 63
18 34 40 44 60 63
18 34 40 56 59 63
18 34 40 56 60 63
18 34 50 51 53 58
18 34 50 51 53 59
18 34 50 51 55 58
18 34 50 51 55 61
18 34 50 51 59 61
18 34 50 52 57 61
18 34 50 52 59 61
18 34 50 52 59 63
18 34 50 53 56 59
18 34 50 53 56 60
18 34 50 53 58 60
18 34 50 54 58 60
18 34 50 54 58 62
18 34 50 54 60 63
18 34 50 55 57 61
18 34 50 55 57 62
18 34 50 55 58 62
18 34 50 56 59 63
18 34 50 56 60 63
19 20 21 30 46 62
19 20 21 31 47 63
19 20 21 37 46 62
19 20 21 37 47 63
19 20 21 37 53 62
19 20 21 37 53 63
19 20 28 30 46 62
19 20 28 44 46 62
19 20 28 44 60 62
19 20 36 37 46 62
19 20 36 37 47 63
19 20 36 37 53 62
19 20 36 37 53 63
19 20 36 44 46 62
19 20 36 44 60 62
19 20 36 52 53 62
19 20 36 52 53 63
19 20 36 52 60 62
19 21 26 31 47 63
19 21 26 42 47 63
19 21 26 42 58 63
19 21 27 30 46 62
19 21 27 43 46 62
19 21 27 43 59 62
19 21 37 42 47 63
19 21 37 42 58 63
19 21 37 43 46 62
19 21 37 43 59 62
19 21 37 53 58 63
19 21 37 53 59 62
19 23 28 29 45 61
19 23 28 44 45 61
19 23 28 44 60 61
19 23 39 44 45 61
19 23 39 44 60 61
19 23 39 55 60 61
19 27 29 30 46 62
19 27 29 45 46 62
19 27 29 45 61 62
19 27 43 45 46 62
19 27 43 45 61 62
19 27 43 59 61 62
19 28 29 30 46 62
19 28 29 45 46 62
19 28 29 45 61 62
19 28 44 45 46 62
19 28 44 45 61 62
19 28 44 60 61 62
19 35 36 37 46 62
19 35 36 37 47 63
19 35 36 37 53 62
19 35 36 37 53 63
19 35 36 44 46 62
19 35 36 44 60 62
19 35 36 52 53 62
19 35 36 52 53 63
19 35 36 52 60 62
19 35 37 42 47 63
19 35 37 42 58 63
19 35 37 43 46 62
19 35 37 43 59 62
19 35 37 53 58 63
19 35 37 53 59 62
19 35 39 44 45 61
19 35 39 44 60 61
19 35 39 55 60 61
19 35 43 45 46 62
19 35 43 45 61 62
19 35 43 59 61 62
19 35 44 45 46 62
19 35 44 45 61 62
19 35 44 60 61 62
19 35 51 52 53 62
19 35 51 52 53 63
19 35 51 52 60 62
19 35 51 53 58 63
19 35 51 53 59 62
19 35 51 55 60 61
19 35 51 59 61 62
19 35 51 60 61 62
20 21 22 23 39 55
20 21 22 30 46 62
20 21 22 38 39 55
20 21 22 38 46 62
20 21 22 38 54 55
20 21 22 38 54 62
20 21 23 31 47 63
20 21 23 39 47 63
20 21 23 39 55 63
20 21 37 38 39 55
20 21 37 38 46 62
20 21 37 38 54 55
20 21 37 38 54 62
20 21 37 39 47 63
20 21 37 39 55 63
20 21 37 53 54 55
20 21 37 53 54 62
20 21 37 53 55 63
20 22 23 27 43 59
20 22 23 39 43 59
20 22 23 39 55 59
20 22 26 27 43 59
20 22 26 30 46 62
20 22 26 42 43 59
20 22 26 42 46 62
20 22 26 42 58 59
20 22 26 42 58 62
20 22 38 39 43 59
20 22 38 39 55 59
20 22 38 42 43 59
20 22 38 42 46 62
20 22 38 42 58 59
20 22 38 42 58 62
20 22 38 54 55 59
20 22 38 54 58 59
20 22 38 54 58 62
20 23 27 31 47 63
20 23 27 43 47 63
20 23 27 43 59 63
20 23 39 43 47 63
20 23 39 43 59 63
20 23 39 55 59 63
20 24 25 28 44 60
20 24 25 29 45 61
20 24 25 41 44 60
20 24 25 41 45 61
20 24 25 41 57 60
20 24 25 41 57 61
20 24 26 29 45 61
20 24 26 30 46 62
20 24 26 42 45 61
20 24 26 42 46 62
20 24 26 42 58 61
20 24 26 42 58 62
20 24 28 30 46 62
20 24 28 44 46 62
20 24 28 44 60 62
20 24 40 41 44 60
20 24 40 41 45 61
20 24 40 41 57 60
20 24 40 41 57 61
20 24 40 42 45 61
20 24 40 42 46 62
20 24 40 42 58 61
20 24 40 42 58 62
20 24 40 44 46 62
20 24 40 44 60 62
20 24 40 56 57 60
20 24 40 56 57 61
20 24 40 56 58 61
20 24 40 56 58 62
20 24 40 56 60 62
20 26 27 29 45 61
20 26 27 43 45 61
20 26 27 43 59 61
20 26 42 43 45 61
20 26 42 43 59 61
20 26 42 58 59 61
20 36 37 38 39 55
20 36 37 38 46 62
20 36 37 38 54 55
20 36 37 38 54 62
20 36 37 39 47 63
20 36 37 39 55 63
20 36 37 53 54 55
20 36 37 53 54 62
20 36 37 53 55 63
20 36 38 39 43 59
20 36 38 39 55 59
20 36 38 42 43 59
20 36 38 42 46 62
20 36 38 42 58 59
20 36 38 42 58 62
20 36 38 54 55 59
20 36 38 54 58 59
20 36 38 54 58 62
20 36 39 43 47 63
20 36 39 43 59 63
20 36 39 55 59 63
20 36 40 41 44 60
20 36 40 41 45 61
20 36 40 41 57 60
20 36 40 41 57 61
20 36 40 42 45 61
20 36 40 42 46 62
20 36 40 42 58 61
20 36 40 42 58 62
20 36 40 44 46 62
20 36 40 44 60 62
20 36 40 56 57 60
20 36 40 56 57 61
20 36 40 56 58 61
20 36 40 56 58 62
20 36 40 56 60 62
20 36 42 43 45 61
20 36 42 43 59 61
20 36 42 58 59 61
20 36 52 53 54 55
20 36 52 53 54 62
20 36 52 53 55 63
20 36 52 54 55 59
20 36 52 54 58 59
20 36 52 54 58 62
20 36 52 55 59 63
20 36 52 56 57 60
20 36 52 56 57 61
20 36 52 56 58 61
20 36 52 56 58 62
20 36 52 56 60 62
20 36 52 58 59 61
21 22 23 29 45 61
21 22 23 39 45 61
21 22 23 39 55 61
21 22 38 39 45 61
21 22 38 39 55 61
21 22 38 54 55 61
21 23 25 29 45 61
21 23 25 31 47 63
21 23 25 41 45 61
21 23 25 41 47 63
21 23 25 41 57 61
21 23 25 41 57 63
21 23 39 41 45 61
21 23 39 41 47 63
21 23 39 41 57 61
21 23 39 41 57 63
21 23 39 55 57 61
21 23 39 55 57 63
21 24 25 28 44 60
21 24 25 29 45 61
21 24 25 41 44 60
21 24 25 41 45 61
21 24 25 41 57 60
21 24 25 41 57 61
21 24 40 41 44 60
21 24 40 41 45 61
21 24 40 41 57 60
21 24 40 41 57 61
21 24 40 56 57 60
21 24 40 56 57 61
21 25 26 28 44 60
21 25 26 31 47 63
21 25 26 42 44 60
21 25 26 42 47 63
21 25 26 42 58 60
21 25 26 42 58 63
21 25 41 42 44 60
21 25 41 42 47 63
21 25 41 42 58 60
21 25 41 42 58 63
21 25 41 57 58 60
21 25 41 57 58 63
21 37 38 39 45 61
21 37 38 39 55 61
21 37 38 54 55 61
21 37 39 41 45 61
21 37 39 41 47 63
21 37 39 41 57 61
21 37 39 41 57 63
21 37 39 55 57 61
21 37 39 55 57 63
21 37 40 41 44 60
21 37 40 41 45 61
21 37 40 41 57 60
21 37 40 41 57 61
21 37 40 56 57 60
21 37 40 56 57 61
21 37 41 42 44 60
21 37 41 42 47 63
21 37 41 42 58 60
21 37 41 42 58 63
21 37 41 57 58 60
21 37 41 57 58 63
21 37 53 54 55 61
21 37 53 55 57 61
21 37 53 55 57 63
21 37 53 56 57 60
21 37 53 56 57 61
21 37 53 57 58 60
21 37 53 57 58 63
22 23 27 28 44 60
22 23 27 43 44 60
22 23 27 43 59 60
22 23 28 29 45 61
22 23 28 44 45 61
22 23 28 44 60 61
22 23 39 43 44 60
22 23 39 43 59 60
22 23 39 44 45 61
22 23 39 44 60 61
22 23 39 55 59 60
22 23 39 55 60 61
22 26 27 28 44 60
22 26 27 43 44 60
22 26 27 43 59 60
22 26 42 43 44 60
22 26 42 43 59 60
22 26 42 58 59 60
22 28 29 31 47 63
22 28 29 45 47 63
22 28 29 45 61 63
22 28 44 45 47 63
22 28 44 45 61 63
22 28 44 60 61 63
22 38 39 43 44 60
22 38 39 43 59 60
22 38 39 44 45 61
22 38 39 44 60 61
22 38 39 55 59 60
22 38 39 55 60 61
22 38 42 43 44 60
22 38 42 43 59 60
22 38 42 58 59 60
22 38 44 45 47 63
22 38 44 45 61 63
22 38 44 60 61 63
22 38 54 55 59 60
22 38 54 55 60 61
22 38 54 58 59 60
22 38 54 60 61 63
23 24 26 30 46 62
23 24 26 42 46 62
23 24 26 42 58 62
23 24 27 31 47 63
23 24 27 43 47 63
23 24 27 43 59 63
23 24 30 31 47 63
23 24 30 46 47 63
23 24 30 46 62 63
23 24 40 42 46 62
23 24 40 42 58 62
23 24 40 43 47 63
23 24 40 43 59 63
23 24 40 46 47 63
23 24 40 46 62 63
23 24 40 56 58 62
23 24 40 56 59 63
23 24 40 56 62 63
23 25 30 31 47 63
23 25 30 46 47 63
23 25 30 46 62 63
23 25 41 46 47 63
23 25 41 46 62 63
23 25 41 57 62 63
23 39 40 42 46 62
23 39 40 42 58 62
23 39 40 43 47 63
23 39 40 43 59 63
23 39 40 46 47 63
23 39 40 46 62 63
23 39 40 56 58 62
23 39 40 56 59 63
23 39 40 56 62 63
23 39 41 46 47 63
23 39 41 46 62 63
23 39 41 57 62 63
23 39 55 56 58 62
23 39 55 56 59 63
23 39 55 56 62 63
23 39 55 57 62 63
24 28 30 31 47 63
24 28 30 46 47 63
24 28 30 46 62 63
24 28 44 46 47 63
24 28 44 46 62 63
24 28 44 60 62 63
24 40 44 46 47 63
24 40 44 46 62 63
24 40 44 60 62 63
24 40 56 60 62 63
25 26 27 28 44 60
25 26 27 32 48 64
25 26 27 43 44 60
25 26 27 43 48 64
25 26 27 43 59 60
25 26 27 43 59 64
25 26 31 32 48 64
25 26 31 47 48 64
25 26 31 47 63 64
25 26 42 43 44 60
25 26 42 43 48 64
25 26 42 43 59 60
25 26 42 43 59 64
25 26 42 47 48 64
25 26 42 47 63 64
25 26 42 58 59 60
25 26 42 58 59 64
25 26 42 58 63 64
25 27 30 32 48 64
25 27 30 46 48 64
25 27 30 46 62 64
25 27 43 46 48 64
25 27 43 46 62 64
25 27 43 59 62 64
25 30 31 32 48 64
25 30 31 47 48 64
25 30 31 47 63 64
25 30 46 47 48 64
25 30 46 47 63 64
25 30 46 62 63 64
25 41 42 43 44 60
25 41 42 43 48 64
25 41 42 43 59 60
25 41 42 43 59 64
25 41 42 47 48 64
25 41 42 47 63 64
25 41 42 58 59 60
25 41 42 58 59 64
25 41 42 58 63 64
25 41 43 46 48 64
25 41 43 46 62 64
25 41 43 59 62 64
25 41 46 47 48 64
25 41 46 47 63 64
25 41 46 62 63 64
25 41 57 58 59 60
25 41 57 58 59 64
25 41 57 58 63 64
25 41 57 59 62 64
25 41 57 62 63 64
26 27 29 32 48 64
26 27 29 45 48 64
26 27 29 45 61 64
26 27 43 45 48 64
26 27 43 45 61 64
26 27 43 59 61 64
26 29 31 32 48 64
26 29 31 47 48 64
26 29 31 47 63 64
26 29 45 47 48 64
26 29 45 47 63 64
26 29 45 61 63 64
26 42 43 45 48 64
26 42 43 45 61 64
26 42 43 59 61 64
26 42 45 47 48 64
26 42 45 47 63 64
26 42 45 61 63 64
26 42 58 59 61 64
26 42 58 61 63 64
27 29 30 32 48 64
27 29 30 46 48 64
27 29 30 46 62 64
27 29 45 46 48 64
27 29 45 46 62 64
27 29 45 61 62 64
27 43 45 46 48 64
27 43 45 46 62 64
27 43 45 61 62 64
27 43 59 61 62 64
28 29 30 31 47 63
28 29 30 46 47 63
28 29 30 46 62 63
28 29 45 46 47 63
28 29 45 46 62 63
28 29 45 61 62 63
28 44 45 46 47 63
28 44 45 46 62 63
28 44 45 61 62 63
28 44 60 61 62 63
29 30 31 32 48 64
29 30 31 47 48 64
29 30 31 47 63 64
29 30 46 47 48 64
29 30 46 47 63 64
29 30 46 62 63 64
29 45 46 47 48 64
29 45 46 47 63 64
29 45 46 62 63 64
29 45 61 62 63 64

