####################################################################################
####################################################################################
####################################################################################
###                                                                              ###
###                                                                              ###
###  LIBRARY OF TRIANGULATIONS                                                   ###
###  by Bruno Benedetti and Frank H. Lutz                                        ###
###  http://page.math.tu-berlin.de/~lutz/stellar/library_of_triangulations.html  ###
###                                                                              ###
###                                                                              ###
###  name of example:                                                            ###
###                                                                              ###
###    S_3_100_4850                                                              ###
###                                                                              ###
###                                                                              ###
###  description:                                                                ###
###                                                                              ###
###    boundary 3-sphere of the cyclic 4-polytope with 100 vertices              ###
###                                                                              ###
###                                                                              ###
###  properties:                                                                 ###
###                                                                              ###
###    f=(100,4950,9700,4850),                                                   ###
###    H_*=(Z,0,0,Z),                                                            ###
###    perfect discrete Morse vector: (1,0,0,1)                                  ###
###                                                                              ###
###                                                                              ###
###  references:                                                                 ###
###                                                                              ###
###    Folklore.                                                                 ###
###                                                                              ###
###    B. Benedetti and F. H. Lutz.                                              ###
###    Random discrete Morse theory and a new library of triangulations.         ###
###    Exp. Math. 23, 66-94 (2014).                                              ###
###                                                                              ###
###                                                                              ###
####################################################################################
####################################################################################
####################################################################################

1 2 3 4
1 2 3 100
1 2 4 5
1 2 5 6
1 2 6 7
1 2 7 8
1 2 8 9
1 2 9 10
1 2 10 11
1 2 11 12
1 2 12 13
1 2 13 14
1 2 14 15
1 2 15 16
1 2 16 17
1 2 17 18
1 2 18 19
1 2 19 20
1 2 20 21
1 2 21 22
1 2 22 23
1 2 23 24
1 2 24 25
1 2 25 26
1 2 26 27
1 2 27 28
1 2 28 29
1 2 29 30
1 2 30 31
1 2 31 32
1 2 32 33
1 2 33 34
1 2 34 35
1 2 35 36
1 2 36 37
1 2 37 38
1 2 38 39
1 2 39 40
1 2 40 41
1 2 41 42
1 2 42 43
1 2 43 44
1 2 44 45
1 2 45 46
1 2 46 47
1 2 47 48
1 2 48 49
1 2 49 50
1 2 50 51
1 2 51 52
1 2 52 53
1 2 53 54
1 2 54 55
1 2 55 56
1 2 56 57
1 2 57 58
1 2 58 59
1 2 59 60
1 2 60 61
1 2 61 62
1 2 62 63
1 2 63 64
1 2 64 65
1 2 65 66
1 2 66 67
1 2 67 68
1 2 68 69
1 2 69 70
1 2 70 71
1 2 71 72
1 2 72 73
1 2 73 74
1 2 74 75
1 2 75 76
1 2 76 77
1 2 77 78
1 2 78 79
1 2 79 80
1 2 80 81
1 2 81 82
1 2 82 83
1 2 83 84
1 2 84 85
1 2 85 86
1 2 86 87
1 2 87 88
1 2 88 89
1 2 89 90
1 2 90 91
1 2 91 92
1 2 92 93
1 2 93 94
1 2 94 95
1 2 95 96
1 2 96 97
1 2 97 98
1 2 98 99
1 2 99 100
1 3 4 100
1 4 5 100
1 5 6 100
1 6 7 100
1 7 8 100
1 8 9 100
1 9 10 100
1 10 11 100
1 11 12 100
1 12 13 100
1 13 14 100
1 14 15 100
1 15 16 100
1 16 17 100
1 17 18 100
1 18 19 100
1 19 20 100
1 20 21 100
1 21 22 100
1 22 23 100
1 23 24 100
1 24 25 100
1 25 26 100
1 26 27 100
1 27 28 100
1 28 29 100
1 29 30 100
1 30 31 100
1 31 32 100
1 32 33 100
1 33 34 100
1 34 35 100
1 35 36 100
1 36 37 100
1 37 38 100
1 38 39 100
1 39 40 100
1 40 41 100
1 41 42 100
1 42 43 100
1 43 44 100
1 44 45 100
1 45 46 100
1 46 47 100
1 47 48 100
1 48 49 100
1 49 50 100
1 50 51 100
1 51 52 100
1 52 53 100
1 53 54 100
1 54 55 100
1 55 56 100
1 56 57 100
1 57 58 100
1 58 59 100
1 59 60 100
1 60 61 100
1 61 62 100
1 62 63 100
1 63 64 100
1 64 65 100
1 65 66 100
1 66 67 100
1 67 68 100
1 68 69 100
1 69 70 100
1 70 71 100
1 71 72 100
1 72 73 100
1 73 74 100
1 74 75 100
1 75 76 100
1 76 77 100
1 77 78 100
1 78 79 100
1 79 80 100
1 80 81 100
1 81 82 100
1 82 83 100
1 83 84 100
1 84 85 100
1 85 86 100
1 86 87 100
1 87 88 100
1 88 89 100
1 89 90 100
1 90 91 100
1 91 92 100
1 92 93 100
1 93 94 100
1 94 95 100
1 95 96 100
1 96 97 100
1 97 98 100
1 98 99 100
2 3 4 5
2 3 5 6
2 3 6 7
2 3 7 8
2 3 8 9
2 3 9 10
2 3 10 11
2 3 11 12
2 3 12 13
2 3 13 14
2 3 14 15
2 3 15 16
2 3 16 17
2 3 17 18
2 3 18 19
2 3 19 20
2 3 20 21
2 3 21 22
2 3 22 23
2 3 23 24
2 3 24 25
2 3 25 26
2 3 26 27
2 3 27 28
2 3 28 29
2 3 29 30
2 3 30 31
2 3 31 32
2 3 32 33
2 3 33 34
2 3 34 35
2 3 35 36
2 3 36 37
2 3 37 38
2 3 38 39
2 3 39 40
2 3 40 41
2 3 41 42
2 3 42 43
2 3 43 44
2 3 44 45
2 3 45 46
2 3 46 47
2 3 47 48
2 3 48 49
2 3 49 50
2 3 50 51
2 3 51 52
2 3 52 53
2 3 53 54
2 3 54 55
2 3 55 56
2 3 56 57
2 3 57 58
2 3 58 59
2 3 59 60
2 3 60 61
2 3 61 62
2 3 62 63
2 3 63 64
2 3 64 65
2 3 65 66
2 3 66 67
2 3 67 68
2 3 68 69
2 3 69 70
2 3 70 71
2 3 71 72
2 3 72 73
2 3 73 74
2 3 74 75
2 3 75 76
2 3 76 77
2 3 77 78
2 3 78 79
2 3 79 80
2 3 80 81
2 3 81 82
2 3 82 83
2 3 83 84
2 3 84 85
2 3 85 86
2 3 86 87
2 3 87 88
2 3 88 89
2 3 89 90
2 3 90 91
2 3 91 92
2 3 92 93
2 3 93 94
2 3 94 95
2 3 95 96
2 3 96 97
2 3 97 98
2 3 98 99
2 3 99 100
3 4 5 6
3 4 6 7
3 4 7 8
3 4 8 9
3 4 9 10
3 4 10 11
3 4 11 12
3 4 12 13
3 4 13 14
3 4 14 15
3 4 15 16
3 4 16 17
3 4 17 18
3 4 18 19
3 4 19 20
3 4 20 21
3 4 21 22
3 4 22 23
3 4 23 24
3 4 24 25
3 4 25 26
3 4 26 27
3 4 27 28
3 4 28 29
3 4 29 30
3 4 30 31
3 4 31 32
3 4 32 33
3 4 33 34
3 4 34 35
3 4 35 36
3 4 36 37
3 4 37 38
3 4 38 39
3 4 39 40
3 4 40 41
3 4 41 42
3 4 42 43
3 4 43 44
3 4 44 45
3 4 45 46
3 4 46 47
3 4 47 48
3 4 48 49
3 4 49 50
3 4 50 51
3 4 51 52
3 4 52 53
3 4 53 54
3 4 54 55
3 4 55 56
3 4 56 57
3 4 57 58
3 4 58 59
3 4 59 60
3 4 60 61
3 4 61 62
3 4 62 63
3 4 63 64
3 4 64 65
3 4 65 66
3 4 66 67
3 4 67 68
3 4 68 69
3 4 69 70
3 4 70 71
3 4 71 72
3 4 72 73
3 4 73 74
3 4 74 75
3 4 75 76
3 4 76 77
3 4 77 78
3 4 78 79
3 4 79 80
3 4 80 81
3 4 81 82
3 4 82 83
3 4 83 84
3 4 84 85
3 4 85 86
3 4 86 87
3 4 87 88
3 4 88 89
3 4 89 90
3 4 90 91
3 4 91 92
3 4 92 93
3 4 93 94
3 4 94 95
3 4 95 96
3 4 96 97
3 4 97 98
3 4 98 99
3 4 99 100
4 5 6 7
4 5 7 8
4 5 8 9
4 5 9 10
4 5 10 11
4 5 11 12
4 5 12 13
4 5 13 14
4 5 14 15
4 5 15 16
4 5 16 17
4 5 17 18
4 5 18 19
4 5 19 20
4 5 20 21
4 5 21 22
4 5 22 23
4 5 23 24
4 5 24 25
4 5 25 26
4 5 26 27
4 5 27 28
4 5 28 29
4 5 29 30
4 5 30 31
4 5 31 32
4 5 32 33
4 5 33 34
4 5 34 35
4 5 35 36
4 5 36 37
4 5 37 38
4 5 38 39
4 5 39 40
4 5 40 41
4 5 41 42
4 5 42 43
4 5 43 44
4 5 44 45
4 5 45 46
4 5 46 47
4 5 47 48
4 5 48 49
4 5 49 50
4 5 50 51
4 5 51 52
4 5 52 53
4 5 53 54
4 5 54 55
4 5 55 56
4 5 56 57
4 5 57 58
4 5 58 59
4 5 59 60
4 5 60 61
4 5 61 62
4 5 62 63
4 5 63 64
4 5 64 65
4 5 65 66
4 5 66 67
4 5 67 68
4 5 68 69
4 5 69 70
4 5 70 71
4 5 71 72
4 5 72 73
4 5 73 74
4 5 74 75
4 5 75 76
4 5 76 77
4 5 77 78
4 5 78 79
4 5 79 80
4 5 80 81
4 5 81 82
4 5 82 83
4 5 83 84
4 5 84 85
4 5 85 86
4 5 86 87
4 5 87 88
4 5 88 89
4 5 89 90
4 5 90 91
4 5 91 92
4 5 92 93
4 5 93 94
4 5 94 95
4 5 95 96
4 5 96 97
4 5 97 98
4 5 98 99
4 5 99 100
5 6 7 8
5 6 8 9
5 6 9 10
5 6 10 11
5 6 11 12
5 6 12 13
5 6 13 14
5 6 14 15
5 6 15 16
5 6 16 17
5 6 17 18
5 6 18 19
5 6 19 20
5 6 20 21
5 6 21 22
5 6 22 23
5 6 23 24
5 6 24 25
5 6 25 26
5 6 26 27
5 6 27 28
5 6 28 29
5 6 29 30
5 6 30 31
5 6 31 32
5 6 32 33
5 6 33 34
5 6 34 35
5 6 35 36
5 6 36 37
5 6 37 38
5 6 38 39
5 6 39 40
5 6 40 41
5 6 41 42
5 6 42 43
5 6 43 44
5 6 44 45
5 6 45 46
5 6 46 47
5 6 47 48
5 6 48 49
5 6 49 50
5 6 50 51
5 6 51 52
5 6 52 53
5 6 53 54
5 6 54 55
5 6 55 56
5 6 56 57
5 6 57 58
5 6 58 59
5 6 59 60
5 6 60 61
5 6 61 62
5 6 62 63
5 6 63 64
5 6 64 65
5 6 65 66
5 6 66 67
5 6 67 68
5 6 68 69
5 6 69 70
5 6 70 71
5 6 71 72
5 6 72 73
5 6 73 74
5 6 74 75
5 6 75 76
5 6 76 77
5 6 77 78
5 6 78 79
5 6 79 80
5 6 80 81
5 6 81 82
5 6 82 83
5 6 83 84
5 6 84 85
5 6 85 86
5 6 86 87
5 6 87 88
5 6 88 89
5 6 89 90
5 6 90 91
5 6 91 92
5 6 92 93
5 6 93 94
5 6 94 95
5 6 95 96
5 6 96 97
5 6 97 98
5 6 98 99
5 6 99 100
6 7 8 9
6 7 9 10
6 7 10 11
6 7 11 12
6 7 12 13
6 7 13 14
6 7 14 15
6 7 15 16
6 7 16 17
6 7 17 18
6 7 18 19
6 7 19 20
6 7 20 21
6 7 21 22
6 7 22 23
6 7 23 24
6 7 24 25
6 7 25 26
6 7 26 27
6 7 27 28
6 7 28 29
6 7 29 30
6 7 30 31
6 7 31 32
6 7 32 33
6 7 33 34
6 7 34 35
6 7 35 36
6 7 36 37
6 7 37 38
6 7 38 39
6 7 39 40
6 7 40 41
6 7 41 42
6 7 42 43
6 7 43 44
6 7 44 45
6 7 45 46
6 7 46 47
6 7 47 48
6 7 48 49
6 7 49 50
6 7 50 51
6 7 51 52
6 7 52 53
6 7 53 54
6 7 54 55
6 7 55 56
6 7 56 57
6 7 57 58
6 7 58 59
6 7 59 60
6 7 60 61
6 7 61 62
6 7 62 63
6 7 63 64
6 7 64 65
6 7 65 66
6 7 66 67
6 7 67 68
6 7 68 69
6 7 69 70
6 7 70 71
6 7 71 72
6 7 72 73
6 7 73 74
6 7 74 75
6 7 75 76
6 7 76 77
6 7 77 78
6 7 78 79
6 7 79 80
6 7 80 81
6 7 81 82
6 7 82 83
6 7 83 84
6 7 84 85
6 7 85 86
6 7 86 87
6 7 87 88
6 7 88 89
6 7 89 90
6 7 90 91
6 7 91 92
6 7 92 93
6 7 93 94
6 7 94 95
6 7 95 96
6 7 96 97
6 7 97 98
6 7 98 99
6 7 99 100
7 8 9 10
7 8 10 11
7 8 11 12
7 8 12 13
7 8 13 14
7 8 14 15
7 8 15 16
7 8 16 17
7 8 17 18
7 8 18 19
7 8 19 20
7 8 20 21
7 8 21 22
7 8 22 23
7 8 23 24
7 8 24 25
7 8 25 26
7 8 26 27
7 8 27 28
7 8 28 29
7 8 29 30
7 8 30 31
7 8 31 32
7 8 32 33
7 8 33 34
7 8 34 35
7 8 35 36
7 8 36 37
7 8 37 38
7 8 38 39
7 8 39 40
7 8 40 41
7 8 41 42
7 8 42 43
7 8 43 44
7 8 44 45
7 8 45 46
7 8 46 47
7 8 47 48
7 8 48 49
7 8 49 50
7 8 50 51
7 8 51 52
7 8 52 53
7 8 53 54
7 8 54 55
7 8 55 56
7 8 56 57
7 8 57 58
7 8 58 59
7 8 59 60
7 8 60 61
7 8 61 62
7 8 62 63
7 8 63 64
7 8 64 65
7 8 65 66
7 8 66 67
7 8 67 68
7 8 68 69
7 8 69 70
7 8 70 71
7 8 71 72
7 8 72 73
7 8 73 74
7 8 74 75
7 8 75 76
7 8 76 77
7 8 77 78
7 8 78 79
7 8 79 80
7 8 80 81
7 8 81 82
7 8 82 83
7 8 83 84
7 8 84 85
7 8 85 86
7 8 86 87
7 8 87 88
7 8 88 89
7 8 89 90
7 8 90 91
7 8 91 92
7 8 92 93
7 8 93 94
7 8 94 95
7 8 95 96
7 8 96 97
7 8 97 98
7 8 98 99
7 8 99 100
8 9 10 11
8 9 11 12
8 9 12 13
8 9 13 14
8 9 14 15
8 9 15 16
8 9 16 17
8 9 17 18
8 9 18 19
8 9 19 20
8 9 20 21
8 9 21 22
8 9 22 23
8 9 23 24
8 9 24 25
8 9 25 26
8 9 26 27
8 9 27 28
8 9 28 29
8 9 29 30
8 9 30 31
8 9 31 32
8 9 32 33
8 9 33 34
8 9 34 35
8 9 35 36
8 9 36 37
8 9 37 38
8 9 38 39
8 9 39 40
8 9 40 41
8 9 41 42
8 9 42 43
8 9 43 44
8 9 44 45
8 9 45 46
8 9 46 47
8 9 47 48
8 9 48 49
8 9 49 50
8 9 50 51
8 9 51 52
8 9 52 53
8 9 53 54
8 9 54 55
8 9 55 56
8 9 56 57
8 9 57 58
8 9 58 59
8 9 59 60
8 9 60 61
8 9 61 62
8 9 62 63
8 9 63 64
8 9 64 65
8 9 65 66
8 9 66 67
8 9 67 68
8 9 68 69
8 9 69 70
8 9 70 71
8 9 71 72
8 9 72 73
8 9 73 74
8 9 74 75
8 9 75 76
8 9 76 77
8 9 77 78
8 9 78 79
8 9 79 80
8 9 80 81
8 9 81 82
8 9 82 83
8 9 83 84
8 9 84 85
8 9 85 86
8 9 86 87
8 9 87 88
8 9 88 89
8 9 89 90
8 9 90 91
8 9 91 92
8 9 92 93
8 9 93 94
8 9 94 95
8 9 95 96
8 9 96 97
8 9 97 98
8 9 98 99
8 9 99 100
9 10 11 12
9 10 12 13
9 10 13 14
9 10 14 15
9 10 15 16
9 10 16 17
9 10 17 18
9 10 18 19
9 10 19 20
9 10 20 21
9 10 21 22
9 10 22 23
9 10 23 24
9 10 24 25
9 10 25 26
9 10 26 27
9 10 27 28
9 10 28 29
9 10 29 30
9 10 30 31
9 10 31 32
9 10 32 33
9 10 33 34
9 10 34 35
9 10 35 36
9 10 36 37
9 10 37 38
9 10 38 39
9 10 39 40
9 10 40 41
9 10 41 42
9 10 42 43
9 10 43 44
9 10 44 45
9 10 45 46
9 10 46 47
9 10 47 48
9 10 48 49
9 10 49 50
9 10 50 51
9 10 51 52
9 10 52 53
9 10 53 54
9 10 54 55
9 10 55 56
9 10 56 57
9 10 57 58
9 10 58 59
9 10 59 60
9 10 60 61
9 10 61 62
9 10 62 63
9 10 63 64
9 10 64 65
9 10 65 66
9 10 66 67
9 10 67 68
9 10 68 69
9 10 69 70
9 10 70 71
9 10 71 72
9 10 72 73
9 10 73 74
9 10 74 75
9 10 75 76
9 10 76 77
9 10 77 78
9 10 78 79
9 10 79 80
9 10 80 81
9 10 81 82
9 10 82 83
9 10 83 84
9 10 84 85
9 10 85 86
9 10 86 87
9 10 87 88
9 10 88 89
9 10 89 90
9 10 90 91
9 10 91 92
9 10 92 93
9 10 93 94
9 10 94 95
9 10 95 96
9 10 96 97
9 10 97 98
9 10 98 99
9 10 99 100
10 11 12 13
10 11 13 14
10 11 14 15
10 11 15 16
10 11 16 17
10 11 17 18
10 11 18 19
10 11 19 20
10 11 20 21
10 11 21 22
10 11 22 23
10 11 23 24
10 11 24 25
10 11 25 26
10 11 26 27
10 11 27 28
10 11 28 29
10 11 29 30
10 11 30 31
10 11 31 32
10 11 32 33
10 11 33 34
10 11 34 35
10 11 35 36
10 11 36 37
10 11 37 38
10 11 38 39
10 11 39 40
10 11 40 41
10 11 41 42
10 11 42 43
10 11 43 44
10 11 44 45
10 11 45 46
10 11 46 47
10 11 47 48
10 11 48 49
10 11 49 50
10 11 50 51
10 11 51 52
10 11 52 53
10 11 53 54
10 11 54 55
10 11 55 56
10 11 56 57
10 11 57 58
10 11 58 59
10 11 59 60
10 11 60 61
10 11 61 62
10 11 62 63
10 11 63 64
10 11 64 65
10 11 65 66
10 11 66 67
10 11 67 68
10 11 68 69
10 11 69 70
10 11 70 71
10 11 71 72
10 11 72 73
10 11 73 74
10 11 74 75
10 11 75 76
10 11 76 77
10 11 77 78
10 11 78 79
10 11 79 80
10 11 80 81
10 11 81 82
10 11 82 83
10 11 83 84
10 11 84 85
10 11 85 86
10 11 86 87
10 11 87 88
10 11 88 89
10 11 89 90
10 11 90 91
10 11 91 92
10 11 92 93
10 11 93 94
10 11 94 95
10 11 95 96
10 11 96 97
10 11 97 98
10 11 98 99
10 11 99 100
11 12 13 14
11 12 14 15
11 12 15 16
11 12 16 17
11 12 17 18
11 12 18 19
11 12 19 20
11 12 20 21
11 12 21 22
11 12 22 23
11 12 23 24
11 12 24 25
11 12 25 26
11 12 26 27
11 12 27 28
11 12 28 29
11 12 29 30
11 12 30 31
11 12 31 32
11 12 32 33
11 12 33 34
11 12 34 35
11 12 35 36
11 12 36 37
11 12 37 38
11 12 38 39
11 12 39 40
11 12 40 41
11 12 41 42
11 12 42 43
11 12 43 44
11 12 44 45
11 12 45 46
11 12 46 47
11 12 47 48
11 12 48 49
11 12 49 50
11 12 50 51
11 12 51 52
11 12 52 53
11 12 53 54
11 12 54 55
11 12 55 56
11 12 56 57
11 12 57 58
11 12 58 59
11 12 59 60
11 12 60 61
11 12 61 62
11 12 62 63
11 12 63 64
11 12 64 65
11 12 65 66
11 12 66 67
11 12 67 68
11 12 68 69
11 12 69 70
11 12 70 71
11 12 71 72
11 12 72 73
11 12 73 74
11 12 74 75
11 12 75 76
11 12 76 77
11 12 77 78
11 12 78 79
11 12 79 80
11 12 80 81
11 12 81 82
11 12 82 83
11 12 83 84
11 12 84 85
11 12 85 86
11 12 86 87
11 12 87 88
11 12 88 89
11 12 89 90
11 12 90 91
11 12 91 92
11 12 92 93
11 12 93 94
11 12 94 95
11 12 95 96
11 12 96 97
11 12 97 98
11 12 98 99
11 12 99 100
12 13 14 15
12 13 15 16
12 13 16 17
12 13 17 18
12 13 18 19
12 13 19 20
12 13 20 21
12 13 21 22
12 13 22 23
12 13 23 24
12 13 24 25
12 13 25 26
12 13 26 27
12 13 27 28
12 13 28 29
12 13 29 30
12 13 30 31
12 13 31 32
12 13 32 33
12 13 33 34
12 13 34 35
12 13 35 36
12 13 36 37
12 13 37 38
12 13 38 39
12 13 39 40
12 13 40 41
12 13 41 42
12 13 42 43
12 13 43 44
12 13 44 45
12 13 45 46
12 13 46 47
12 13 47 48
12 13 48 49
12 13 49 50
12 13 50 51
12 13 51 52
12 13 52 53
12 13 53 54
12 13 54 55
12 13 55 56
12 13 56 57
12 13 57 58
12 13 58 59
12 13 59 60
12 13 60 61
12 13 61 62
12 13 62 63
12 13 63 64
12 13 64 65
12 13 65 66
12 13 66 67
12 13 67 68
12 13 68 69
12 13 69 70
12 13 70 71
12 13 71 72
12 13 72 73
12 13 73 74
12 13 74 75
12 13 75 76
12 13 76 77
12 13 77 78
12 13 78 79
12 13 79 80
12 13 80 81
12 13 81 82
12 13 82 83
12 13 83 84
12 13 84 85
12 13 85 86
12 13 86 87
12 13 87 88
12 13 88 89
12 13 89 90
12 13 90 91
12 13 91 92
12 13 92 93
12 13 93 94
12 13 94 95
12 13 95 96
12 13 96 97
12 13 97 98
12 13 98 99
12 13 99 100
13 14 15 16
13 14 16 17
13 14 17 18
13 14 18 19
13 14 19 20
13 14 20 21
13 14 21 22
13 14 22 23
13 14 23 24
13 14 24 25
13 14 25 26
13 14 26 27
13 14 27 28
13 14 28 29
13 14 29 30
13 14 30 31
13 14 31 32
13 14 32 33
13 14 33 34
13 14 34 35
13 14 35 36
13 14 36 37
13 14 37 38
13 14 38 39
13 14 39 40
13 14 40 41
13 14 41 42
13 14 42 43
13 14 43 44
13 14 44 45
13 14 45 46
13 14 46 47
13 14 47 48
13 14 48 49
13 14 49 50
13 14 50 51
13 14 51 52
13 14 52 53
13 14 53 54
13 14 54 55
13 14 55 56
13 14 56 57
13 14 57 58
13 14 58 59
13 14 59 60
13 14 60 61
13 14 61 62
13 14 62 63
13 14 63 64
13 14 64 65
13 14 65 66
13 14 66 67
13 14 67 68
13 14 68 69
13 14 69 70
13 14 70 71
13 14 71 72
13 14 72 73
13 14 73 74
13 14 74 75
13 14 75 76
13 14 76 77
13 14 77 78
13 14 78 79
13 14 79 80
13 14 80 81
13 14 81 82
13 14 82 83
13 14 83 84
13 14 84 85
13 14 85 86
13 14 86 87
13 14 87 88
13 14 88 89
13 14 89 90
13 14 90 91
13 14 91 92
13 14 92 93
13 14 93 94
13 14 94 95
13 14 95 96
13 14 96 97
13 14 97 98
13 14 98 99
13 14 99 100
14 15 16 17
14 15 17 18
14 15 18 19
14 15 19 20
14 15 20 21
14 15 21 22
14 15 22 23
14 15 23 24
14 15 24 25
14 15 25 26
14 15 26 27
14 15 27 28
14 15 28 29
14 15 29 30
14 15 30 31
14 15 31 32
14 15 32 33
14 15 33 34
14 15 34 35
14 15 35 36
14 15 36 37
14 15 37 38
14 15 38 39
14 15 39 40
14 15 40 41
14 15 41 42
14 15 42 43
14 15 43 44
14 15 44 45
14 15 45 46
14 15 46 47
14 15 47 48
14 15 48 49
14 15 49 50
14 15 50 51
14 15 51 52
14 15 52 53
14 15 53 54
14 15 54 55
14 15 55 56
14 15 56 57
14 15 57 58
14 15 58 59
14 15 59 60
14 15 60 61
14 15 61 62
14 15 62 63
14 15 63 64
14 15 64 65
14 15 65 66
14 15 66 67
14 15 67 68
14 15 68 69
14 15 69 70
14 15 70 71
14 15 71 72
14 15 72 73
14 15 73 74
14 15 74 75
14 15 75 76
14 15 76 77
14 15 77 78
14 15 78 79
14 15 79 80
14 15 80 81
14 15 81 82
14 15 82 83
14 15 83 84
14 15 84 85
14 15 85 86
14 15 86 87
14 15 87 88
14 15 88 89
14 15 89 90
14 15 90 91
14 15 91 92
14 15 92 93
14 15 93 94
14 15 94 95
14 15 95 96
14 15 96 97
14 15 97 98
14 15 98 99
14 15 99 100
15 16 17 18
15 16 18 19
15 16 19 20
15 16 20 21
15 16 21 22
15 16 22 23
15 16 23 24
15 16 24 25
15 16 25 26
15 16 26 27
15 16 27 28
15 16 28 29
15 16 29 30
15 16 30 31
15 16 31 32
15 16 32 33
15 16 33 34
15 16 34 35
15 16 35 36
15 16 36 37
15 16 37 38
15 16 38 39
15 16 39 40
15 16 40 41
15 16 41 42
15 16 42 43
15 16 43 44
15 16 44 45
15 16 45 46
15 16 46 47
15 16 47 48
15 16 48 49
15 16 49 50
15 16 50 51
15 16 51 52
15 16 52 53
15 16 53 54
15 16 54 55
15 16 55 56
15 16 56 57
15 16 57 58
15 16 58 59
15 16 59 60
15 16 60 61
15 16 61 62
15 16 62 63
15 16 63 64
15 16 64 65
15 16 65 66
15 16 66 67
15 16 67 68
15 16 68 69
15 16 69 70
15 16 70 71
15 16 71 72
15 16 72 73
15 16 73 74
15 16 74 75
15 16 75 76
15 16 76 77
15 16 77 78
15 16 78 79
15 16 79 80
15 16 80 81
15 16 81 82
15 16 82 83
15 16 83 84
15 16 84 85
15 16 85 86
15 16 86 87
15 16 87 88
15 16 88 89
15 16 89 90
15 16 90 91
15 16 91 92
15 16 92 93
15 16 93 94
15 16 94 95
15 16 95 96
15 16 96 97
15 16 97 98
15 16 98 99
15 16 99 100
16 17 18 19
16 17 19 20
16 17 20 21
16 17 21 22
16 17 22 23
16 17 23 24
16 17 24 25
16 17 25 26
16 17 26 27
16 17 27 28
16 17 28 29
16 17 29 30
16 17 30 31
16 17 31 32
16 17 32 33
16 17 33 34
16 17 34 35
16 17 35 36
16 17 36 37
16 17 37 38
16 17 38 39
16 17 39 40
16 17 40 41
16 17 41 42
16 17 42 43
16 17 43 44
16 17 44 45
16 17 45 46
16 17 46 47
16 17 47 48
16 17 48 49
16 17 49 50
16 17 50 51
16 17 51 52
16 17 52 53
16 17 53 54
16 17 54 55
16 17 55 56
16 17 56 57
16 17 57 58
16 17 58 59
16 17 59 60
16 17 60 61
16 17 61 62
16 17 62 63
16 17 63 64
16 17 64 65
16 17 65 66
16 17 66 67
16 17 67 68
16 17 68 69
16 17 69 70
16 17 70 71
16 17 71 72
16 17 72 73
16 17 73 74
16 17 74 75
16 17 75 76
16 17 76 77
16 17 77 78
16 17 78 79
16 17 79 80
16 17 80 81
16 17 81 82
16 17 82 83
16 17 83 84
16 17 84 85
16 17 85 86
16 17 86 87
16 17 87 88
16 17 88 89
16 17 89 90
16 17 90 91
16 17 91 92
16 17 92 93
16 17 93 94
16 17 94 95
16 17 95 96
16 17 96 97
16 17 97 98
16 17 98 99
16 17 99 100
17 18 19 20
17 18 20 21
17 18 21 22
17 18 22 23
17 18 23 24
17 18 24 25
17 18 25 26
17 18 26 27
17 18 27 28
17 18 28 29
17 18 29 30
17 18 30 31
17 18 31 32
17 18 32 33
17 18 33 34
17 18 34 35
17 18 35 36
17 18 36 37
17 18 37 38
17 18 38 39
17 18 39 40
17 18 40 41
17 18 41 42
17 18 42 43
17 18 43 44
17 18 44 45
17 18 45 46
17 18 46 47
17 18 47 48
17 18 48 49
17 18 49 50
17 18 50 51
17 18 51 52
17 18 52 53
17 18 53 54
17 18 54 55
17 18 55 56
17 18 56 57
17 18 57 58
17 18 58 59
17 18 59 60
17 18 60 61
17 18 61 62
17 18 62 63
17 18 63 64
17 18 64 65
17 18 65 66
17 18 66 67
17 18 67 68
17 18 68 69
17 18 69 70
17 18 70 71
17 18 71 72
17 18 72 73
17 18 73 74
17 18 74 75
17 18 75 76
17 18 76 77
17 18 77 78
17 18 78 79
17 18 79 80
17 18 80 81
17 18 81 82
17 18 82 83
17 18 83 84
17 18 84 85
17 18 85 86
17 18 86 87
17 18 87 88
17 18 88 89
17 18 89 90
17 18 90 91
17 18 91 92
17 18 92 93
17 18 93 94
17 18 94 95
17 18 95 96
17 18 96 97
17 18 97 98
17 18 98 99
17 18 99 100
18 19 20 21
18 19 21 22
18 19 22 23
18 19 23 24
18 19 24 25
18 19 25 26
18 19 26 27
18 19 27 28
18 19 28 29
18 19 29 30
18 19 30 31
18 19 31 32
18 19 32 33
18 19 33 34
18 19 34 35
18 19 35 36
18 19 36 37
18 19 37 38
18 19 38 39
18 19 39 40
18 19 40 41
18 19 41 42
18 19 42 43
18 19 43 44
18 19 44 45
18 19 45 46
18 19 46 47
18 19 47 48
18 19 48 49
18 19 49 50
18 19 50 51
18 19 51 52
18 19 52 53
18 19 53 54
18 19 54 55
18 19 55 56
18 19 56 57
18 19 57 58
18 19 58 59
18 19 59 60
18 19 60 61
18 19 61 62
18 19 62 63
18 19 63 64
18 19 64 65
18 19 65 66
18 19 66 67
18 19 67 68
18 19 68 69
18 19 69 70
18 19 70 71
18 19 71 72
18 19 72 73
18 19 73 74
18 19 74 75
18 19 75 76
18 19 76 77
18 19 77 78
18 19 78 79
18 19 79 80
18 19 80 81
18 19 81 82
18 19 82 83
18 19 83 84
18 19 84 85
18 19 85 86
18 19 86 87
18 19 87 88
18 19 88 89
18 19 89 90
18 19 90 91
18 19 91 92
18 19 92 93
18 19 93 94
18 19 94 95
18 19 95 96
18 19 96 97
18 19 97 98
18 19 98 99
18 19 99 100
19 20 21 22
19 20 22 23
19 20 23 24
19 20 24 25
19 20 25 26
19 20 26 27
19 20 27 28
19 20 28 29
19 20 29 30
19 20 30 31
19 20 31 32
19 20 32 33
19 20 33 34
19 20 34 35
19 20 35 36
19 20 36 37
19 20 37 38
19 20 38 39
19 20 39 40
19 20 40 41
19 20 41 42
19 20 42 43
19 20 43 44
19 20 44 45
19 20 45 46
19 20 46 47
19 20 47 48
19 20 48 49
19 20 49 50
19 20 50 51
19 20 51 52
19 20 52 53
19 20 53 54
19 20 54 55
19 20 55 56
19 20 56 57
19 20 57 58
19 20 58 59
19 20 59 60
19 20 60 61
19 20 61 62
19 20 62 63
19 20 63 64
19 20 64 65
19 20 65 66
19 20 66 67
19 20 67 68
19 20 68 69
19 20 69 70
19 20 70 71
19 20 71 72
19 20 72 73
19 20 73 74
19 20 74 75
19 20 75 76
19 20 76 77
19 20 77 78
19 20 78 79
19 20 79 80
19 20 80 81
19 20 81 82
19 20 82 83
19 20 83 84
19 20 84 85
19 20 85 86
19 20 86 87
19 20 87 88
19 20 88 89
19 20 89 90
19 20 90 91
19 20 91 92
19 20 92 93
19 20 93 94
19 20 94 95
19 20 95 96
19 20 96 97
19 20 97 98
19 20 98 99
19 20 99 100
20 21 22 23
20 21 23 24
20 21 24 25
20 21 25 26
20 21 26 27
20 21 27 28
20 21 28 29
20 21 29 30
20 21 30 31
20 21 31 32
20 21 32 33
20 21 33 34
20 21 34 35
20 21 35 36
20 21 36 37
20 21 37 38
20 21 38 39
20 21 39 40
20 21 40 41
20 21 41 42
20 21 42 43
20 21 43 44
20 21 44 45
20 21 45 46
20 21 46 47
20 21 47 48
20 21 48 49
20 21 49 50
20 21 50 51
20 21 51 52
20 21 52 53
20 21 53 54
20 21 54 55
20 21 55 56
20 21 56 57
20 21 57 58
20 21 58 59
20 21 59 60
20 21 60 61
20 21 61 62
20 21 62 63
20 21 63 64
20 21 64 65
20 21 65 66
20 21 66 67
20 21 67 68
20 21 68 69
20 21 69 70
20 21 70 71
20 21 71 72
20 21 72 73
20 21 73 74
20 21 74 75
20 21 75 76
20 21 76 77
20 21 77 78
20 21 78 79
20 21 79 80
20 21 80 81
20 21 81 82
20 21 82 83
20 21 83 84
20 21 84 85
20 21 85 86
20 21 86 87
20 21 87 88
20 21 88 89
20 21 89 90
20 21 90 91
20 21 91 92
20 21 92 93
20 21 93 94
20 21 94 95
20 21 95 96
20 21 96 97
20 21 97 98
20 21 98 99
20 21 99 100
21 22 23 24
21 22 24 25
21 22 25 26
21 22 26 27
21 22 27 28
21 22 28 29
21 22 29 30
21 22 30 31
21 22 31 32
21 22 32 33
21 22 33 34
21 22 34 35
21 22 35 36
21 22 36 37
21 22 37 38
21 22 38 39
21 22 39 40
21 22 40 41
21 22 41 42
21 22 42 43
21 22 43 44
21 22 44 45
21 22 45 46
21 22 46 47
21 22 47 48
21 22 48 49
21 22 49 50
21 22 50 51
21 22 51 52
21 22 52 53
21 22 53 54
21 22 54 55
21 22 55 56
21 22 56 57
21 22 57 58
21 22 58 59
21 22 59 60
21 22 60 61
21 22 61 62
21 22 62 63
21 22 63 64
21 22 64 65
21 22 65 66
21 22 66 67
21 22 67 68
21 22 68 69
21 22 69 70
21 22 70 71
21 22 71 72
21 22 72 73
21 22 73 74
21 22 74 75
21 22 75 76
21 22 76 77
21 22 77 78
21 22 78 79
21 22 79 80
21 22 80 81
21 22 81 82
21 22 82 83
21 22 83 84
21 22 84 85
21 22 85 86
21 22 86 87
21 22 87 88
21 22 88 89
21 22 89 90
21 22 90 91
21 22 91 92
21 22 92 93
21 22 93 94
21 22 94 95
21 22 95 96
21 22 96 97
21 22 97 98
21 22 98 99
21 22 99 100
22 23 24 25
22 23 25 26
22 23 26 27
22 23 27 28
22 23 28 29
22 23 29 30
22 23 30 31
22 23 31 32
22 23 32 33
22 23 33 34
22 23 34 35
22 23 35 36
22 23 36 37
22 23 37 38
22 23 38 39
22 23 39 40
22 23 40 41
22 23 41 42
22 23 42 43
22 23 43 44
22 23 44 45
22 23 45 46
22 23 46 47
22 23 47 48
22 23 48 49
22 23 49 50
22 23 50 51
22 23 51 52
22 23 52 53
22 23 53 54
22 23 54 55
22 23 55 56
22 23 56 57
22 23 57 58
22 23 58 59
22 23 59 60
22 23 60 61
22 23 61 62
22 23 62 63
22 23 63 64
22 23 64 65
22 23 65 66
22 23 66 67
22 23 67 68
22 23 68 69
22 23 69 70
22 23 70 71
22 23 71 72
22 23 72 73
22 23 73 74
22 23 74 75
22 23 75 76
22 23 76 77
22 23 77 78
22 23 78 79
22 23 79 80
22 23 80 81
22 23 81 82
22 23 82 83
22 23 83 84
22 23 84 85
22 23 85 86
22 23 86 87
22 23 87 88
22 23 88 89
22 23 89 90
22 23 90 91
22 23 91 92
22 23 92 93
22 23 93 94
22 23 94 95
22 23 95 96
22 23 96 97
22 23 97 98
22 23 98 99
22 23 99 100
23 24 25 26
23 24 26 27
23 24 27 28
23 24 28 29
23 24 29 30
23 24 30 31
23 24 31 32
23 24 32 33
23 24 33 34
23 24 34 35
23 24 35 36
23 24 36 37
23 24 37 38
23 24 38 39
23 24 39 40
23 24 40 41
23 24 41 42
23 24 42 43
23 24 43 44
23 24 44 45
23 24 45 46
23 24 46 47
23 24 47 48
23 24 48 49
23 24 49 50
23 24 50 51
23 24 51 52
23 24 52 53
23 24 53 54
23 24 54 55
23 24 55 56
23 24 56 57
23 24 57 58
23 24 58 59
23 24 59 60
23 24 60 61
23 24 61 62
23 24 62 63
23 24 63 64
23 24 64 65
23 24 65 66
23 24 66 67
23 24 67 68
23 24 68 69
23 24 69 70
23 24 70 71
23 24 71 72
23 24 72 73
23 24 73 74
23 24 74 75
23 24 75 76
23 24 76 77
23 24 77 78
23 24 78 79
23 24 79 80
23 24 80 81
23 24 81 82
23 24 82 83
23 24 83 84
23 24 84 85
23 24 85 86
23 24 86 87
23 24 87 88
23 24 88 89
23 24 89 90
23 24 90 91
23 24 91 92
23 24 92 93
23 24 93 94
23 24 94 95
23 24 95 96
23 24 96 97
23 24 97 98
23 24 98 99
23 24 99 100
24 25 26 27
24 25 27 28
24 25 28 29
24 25 29 30
24 25 30 31
24 25 31 32
24 25 32 33
24 25 33 34
24 25 34 35
24 25 35 36
24 25 36 37
24 25 37 38
24 25 38 39
24 25 39 40
24 25 40 41
24 25 41 42
24 25 42 43
24 25 43 44
24 25 44 45
24 25 45 46
24 25 46 47
24 25 47 48
24 25 48 49
24 25 49 50
24 25 50 51
24 25 51 52
24 25 52 53
24 25 53 54
24 25 54 55
24 25 55 56
24 25 56 57
24 25 57 58
24 25 58 59
24 25 59 60
24 25 60 61
24 25 61 62
24 25 62 63
24 25 63 64
24 25 64 65
24 25 65 66
24 25 66 67
24 25 67 68
24 25 68 69
24 25 69 70
24 25 70 71
24 25 71 72
24 25 72 73
24 25 73 74
24 25 74 75
24 25 75 76
24 25 76 77
24 25 77 78
24 25 78 79
24 25 79 80
24 25 80 81
24 25 81 82
24 25 82 83
24 25 83 84
24 25 84 85
24 25 85 86
24 25 86 87
24 25 87 88
24 25 88 89
24 25 89 90
24 25 90 91
24 25 91 92
24 25 92 93
24 25 93 94
24 25 94 95
24 25 95 96
24 25 96 97
24 25 97 98
24 25 98 99
24 25 99 100
25 26 27 28
25 26 28 29
25 26 29 30
25 26 30 31
25 26 31 32
25 26 32 33
25 26 33 34
25 26 34 35
25 26 35 36
25 26 36 37
25 26 37 38
25 26 38 39
25 26 39 40
25 26 40 41
25 26 41 42
25 26 42 43
25 26 43 44
25 26 44 45
25 26 45 46
25 26 46 47
25 26 47 48
25 26 48 49
25 26 49 50
25 26 50 51
25 26 51 52
25 26 52 53
25 26 53 54
25 26 54 55
25 26 55 56
25 26 56 57
25 26 57 58
25 26 58 59
25 26 59 60
25 26 60 61
25 26 61 62
25 26 62 63
25 26 63 64
25 26 64 65
25 26 65 66
25 26 66 67
25 26 67 68
25 26 68 69
25 26 69 70
25 26 70 71
25 26 71 72
25 26 72 73
25 26 73 74
25 26 74 75
25 26 75 76
25 26 76 77
25 26 77 78
25 26 78 79
25 26 79 80
25 26 80 81
25 26 81 82
25 26 82 83
25 26 83 84
25 26 84 85
25 26 85 86
25 26 86 87
25 26 87 88
25 26 88 89
25 26 89 90
25 26 90 91
25 26 91 92
25 26 92 93
25 26 93 94
25 26 94 95
25 26 95 96
25 26 96 97
25 26 97 98
25 26 98 99
25 26 99 100
26 27 28 29
26 27 29 30
26 27 30 31
26 27 31 32
26 27 32 33
26 27 33 34
26 27 34 35
26 27 35 36
26 27 36 37
26 27 37 38
26 27 38 39
26 27 39 40
26 27 40 41
26 27 41 42
26 27 42 43
26 27 43 44
26 27 44 45
26 27 45 46
26 27 46 47
26 27 47 48
26 27 48 49
26 27 49 50
26 27 50 51
26 27 51 52
26 27 52 53
26 27 53 54
26 27 54 55
26 27 55 56
26 27 56 57
26 27 57 58
26 27 58 59
26 27 59 60
26 27 60 61
26 27 61 62
26 27 62 63
26 27 63 64
26 27 64 65
26 27 65 66
26 27 66 67
26 27 67 68
26 27 68 69
26 27 69 70
26 27 70 71
26 27 71 72
26 27 72 73
26 27 73 74
26 27 74 75
26 27 75 76
26 27 76 77
26 27 77 78
26 27 78 79
26 27 79 80
26 27 80 81
26 27 81 82
26 27 82 83
26 27 83 84
26 27 84 85
26 27 85 86
26 27 86 87
26 27 87 88
26 27 88 89
26 27 89 90
26 27 90 91
26 27 91 92
26 27 92 93
26 27 93 94
26 27 94 95
26 27 95 96
26 27 96 97
26 27 97 98
26 27 98 99
26 27 99 100
27 28 29 30
27 28 30 31
27 28 31 32
27 28 32 33
27 28 33 34
27 28 34 35
27 28 35 36
27 28 36 37
27 28 37 38
27 28 38 39
27 28 39 40
27 28 40 41
27 28 41 42
27 28 42 43
27 28 43 44
27 28 44 45
27 28 45 46
27 28 46 47
27 28 47 48
27 28 48 49
27 28 49 50
27 28 50 51
27 28 51 52
27 28 52 53
27 28 53 54
27 28 54 55
27 28 55 56
27 28 56 57
27 28 57 58
27 28 58 59
27 28 59 60
27 28 60 61
27 28 61 62
27 28 62 63
27 28 63 64
27 28 64 65
27 28 65 66
27 28 66 67
27 28 67 68
27 28 68 69
27 28 69 70
27 28 70 71
27 28 71 72
27 28 72 73
27 28 73 74
27 28 74 75
27 28 75 76
27 28 76 77
27 28 77 78
27 28 78 79
27 28 79 80
27 28 80 81
27 28 81 82
27 28 82 83
27 28 83 84
27 28 84 85
27 28 85 86
27 28 86 87
27 28 87 88
27 28 88 89
27 28 89 90
27 28 90 91
27 28 91 92
27 28 92 93
27 28 93 94
27 28 94 95
27 28 95 96
27 28 96 97
27 28 97 98
27 28 98 99
27 28 99 100
28 29 30 31
28 29 31 32
28 29 32 33
28 29 33 34
28 29 34 35
28 29 35 36
28 29 36 37
28 29 37 38
28 29 38 39
28 29 39 40
28 29 40 41
28 29 41 42
28 29 42 43
28 29 43 44
28 29 44 45
28 29 45 46
28 29 46 47
28 29 47 48
28 29 48 49
28 29 49 50
28 29 50 51
28 29 51 52
28 29 52 53
28 29 53 54
28 29 54 55
28 29 55 56
28 29 56 57
28 29 57 58
28 29 58 59
28 29 59 60
28 29 60 61
28 29 61 62
28 29 62 63
28 29 63 64
28 29 64 65
28 29 65 66
28 29 66 67
28 29 67 68
28 29 68 69
28 29 69 70
28 29 70 71
28 29 71 72
28 29 72 73
28 29 73 74
28 29 74 75
28 29 75 76
28 29 76 77
28 29 77 78
28 29 78 79
28 29 79 80
28 29 80 81
28 29 81 82
28 29 82 83
28 29 83 84
28 29 84 85
28 29 85 86
28 29 86 87
28 29 87 88
28 29 88 89
28 29 89 90
28 29 90 91
28 29 91 92
28 29 92 93
28 29 93 94
28 29 94 95
28 29 95 96
28 29 96 97
28 29 97 98
28 29 98 99
28 29 99 100
29 30 31 32
29 30 32 33
29 30 33 34
29 30 34 35
29 30 35 36
29 30 36 37
29 30 37 38
29 30 38 39
29 30 39 40
29 30 40 41
29 30 41 42
29 30 42 43
29 30 43 44
29 30 44 45
29 30 45 46
29 30 46 47
29 30 47 48
29 30 48 49
29 30 49 50
29 30 50 51
29 30 51 52
29 30 52 53
29 30 53 54
29 30 54 55
29 30 55 56
29 30 56 57
29 30 57 58
29 30 58 59
29 30 59 60
29 30 60 61
29 30 61 62
29 30 62 63
29 30 63 64
29 30 64 65
29 30 65 66
29 30 66 67
29 30 67 68
29 30 68 69
29 30 69 70
29 30 70 71
29 30 71 72
29 30 72 73
29 30 73 74
29 30 74 75
29 30 75 76
29 30 76 77
29 30 77 78
29 30 78 79
29 30 79 80
29 30 80 81
29 30 81 82
29 30 82 83
29 30 83 84
29 30 84 85
29 30 85 86
29 30 86 87
29 30 87 88
29 30 88 89
29 30 89 90
29 30 90 91
29 30 91 92
29 30 92 93
29 30 93 94
29 30 94 95
29 30 95 96
29 30 96 97
29 30 97 98
29 30 98 99
29 30 99 100
30 31 32 33
30 31 33 34
30 31 34 35
30 31 35 36
30 31 36 37
30 31 37 38
30 31 38 39
30 31 39 40
30 31 40 41
30 31 41 42
30 31 42 43
30 31 43 44
30 31 44 45
30 31 45 46
30 31 46 47
30 31 47 48
30 31 48 49
30 31 49 50
30 31 50 51
30 31 51 52
30 31 52 53
30 31 53 54
30 31 54 55
30 31 55 56
30 31 56 57
30 31 57 58
30 31 58 59
30 31 59 60
30 31 60 61
30 31 61 62
30 31 62 63
30 31 63 64
30 31 64 65
30 31 65 66
30 31 66 67
30 31 67 68
30 31 68 69
30 31 69 70
30 31 70 71
30 31 71 72
30 31 72 73
30 31 73 74
30 31 74 75
30 31 75 76
30 31 76 77
30 31 77 78
30 31 78 79
30 31 79 80
30 31 80 81
30 31 81 82
30 31 82 83
30 31 83 84
30 31 84 85
30 31 85 86
30 31 86 87
30 31 87 88
30 31 88 89
30 31 89 90
30 31 90 91
30 31 91 92
30 31 92 93
30 31 93 94
30 31 94 95
30 31 95 96
30 31 96 97
30 31 97 98
30 31 98 99
30 31 99 100
31 32 33 34
31 32 34 35
31 32 35 36
31 32 36 37
31 32 37 38
31 32 38 39
31 32 39 40
31 32 40 41
31 32 41 42
31 32 42 43
31 32 43 44
31 32 44 45
31 32 45 46
31 32 46 47
31 32 47 48
31 32 48 49
31 32 49 50
31 32 50 51
31 32 51 52
31 32 52 53
31 32 53 54
31 32 54 55
31 32 55 56
31 32 56 57
31 32 57 58
31 32 58 59
31 32 59 60
31 32 60 61
31 32 61 62
31 32 62 63
31 32 63 64
31 32 64 65
31 32 65 66
31 32 66 67
31 32 67 68
31 32 68 69
31 32 69 70
31 32 70 71
31 32 71 72
31 32 72 73
31 32 73 74
31 32 74 75
31 32 75 76
31 32 76 77
31 32 77 78
31 32 78 79
31 32 79 80
31 32 80 81
31 32 81 82
31 32 82 83
31 32 83 84
31 32 84 85
31 32 85 86
31 32 86 87
31 32 87 88
31 32 88 89
31 32 89 90
31 32 90 91
31 32 91 92
31 32 92 93
31 32 93 94
31 32 94 95
31 32 95 96
31 32 96 97
31 32 97 98
31 32 98 99
31 32 99 100
32 33 34 35
32 33 35 36
32 33 36 37
32 33 37 38
32 33 38 39
32 33 39 40
32 33 40 41
32 33 41 42
32 33 42 43
32 33 43 44
32 33 44 45
32 33 45 46
32 33 46 47
32 33 47 48
32 33 48 49
32 33 49 50
32 33 50 51
32 33 51 52
32 33 52 53
32 33 53 54
32 33 54 55
32 33 55 56
32 33 56 57
32 33 57 58
32 33 58 59
32 33 59 60
32 33 60 61
32 33 61 62
32 33 62 63
32 33 63 64
32 33 64 65
32 33 65 66
32 33 66 67
32 33 67 68
32 33 68 69
32 33 69 70
32 33 70 71
32 33 71 72
32 33 72 73
32 33 73 74
32 33 74 75
32 33 75 76
32 33 76 77
32 33 77 78
32 33 78 79
32 33 79 80
32 33 80 81
32 33 81 82
32 33 82 83
32 33 83 84
32 33 84 85
32 33 85 86
32 33 86 87
32 33 87 88
32 33 88 89
32 33 89 90
32 33 90 91
32 33 91 92
32 33 92 93
32 33 93 94
32 33 94 95
32 33 95 96
32 33 96 97
32 33 97 98
32 33 98 99
32 33 99 100
33 34 35 36
33 34 36 37
33 34 37 38
33 34 38 39
33 34 39 40
33 34 40 41
33 34 41 42
33 34 42 43
33 34 43 44
33 34 44 45
33 34 45 46
33 34 46 47
33 34 47 48
33 34 48 49
33 34 49 50
33 34 50 51
33 34 51 52
33 34 52 53
33 34 53 54
33 34 54 55
33 34 55 56
33 34 56 57
33 34 57 58
33 34 58 59
33 34 59 60
33 34 60 61
33 34 61 62
33 34 62 63
33 34 63 64
33 34 64 65
33 34 65 66
33 34 66 67
33 34 67 68
33 34 68 69
33 34 69 70
33 34 70 71
33 34 71 72
33 34 72 73
33 34 73 74
33 34 74 75
33 34 75 76
33 34 76 77
33 34 77 78
33 34 78 79
33 34 79 80
33 34 80 81
33 34 81 82
33 34 82 83
33 34 83 84
33 34 84 85
33 34 85 86
33 34 86 87
33 34 87 88
33 34 88 89
33 34 89 90
33 34 90 91
33 34 91 92
33 34 92 93
33 34 93 94
33 34 94 95
33 34 95 96
33 34 96 97
33 34 97 98
33 34 98 99
33 34 99 100
34 35 36 37
34 35 37 38
34 35 38 39
34 35 39 40
34 35 40 41
34 35 41 42
34 35 42 43
34 35 43 44
34 35 44 45
34 35 45 46
34 35 46 47
34 35 47 48
34 35 48 49
34 35 49 50
34 35 50 51
34 35 51 52
34 35 52 53
34 35 53 54
34 35 54 55
34 35 55 56
34 35 56 57
34 35 57 58
34 35 58 59
34 35 59 60
34 35 60 61
34 35 61 62
34 35 62 63
34 35 63 64
34 35 64 65
34 35 65 66
34 35 66 67
34 35 67 68
34 35 68 69
34 35 69 70
34 35 70 71
34 35 71 72
34 35 72 73
34 35 73 74
34 35 74 75
34 35 75 76
34 35 76 77
34 35 77 78
34 35 78 79
34 35 79 80
34 35 80 81
34 35 81 82
34 35 82 83
34 35 83 84
34 35 84 85
34 35 85 86
34 35 86 87
34 35 87 88
34 35 88 89
34 35 89 90
34 35 90 91
34 35 91 92
34 35 92 93
34 35 93 94
34 35 94 95
34 35 95 96
34 35 96 97
34 35 97 98
34 35 98 99
34 35 99 100
35 36 37 38
35 36 38 39
35 36 39 40
35 36 40 41
35 36 41 42
35 36 42 43
35 36 43 44
35 36 44 45
35 36 45 46
35 36 46 47
35 36 47 48
35 36 48 49
35 36 49 50
35 36 50 51
35 36 51 52
35 36 52 53
35 36 53 54
35 36 54 55
35 36 55 56
35 36 56 57
35 36 57 58
35 36 58 59
35 36 59 60
35 36 60 61
35 36 61 62
35 36 62 63
35 36 63 64
35 36 64 65
35 36 65 66
35 36 66 67
35 36 67 68
35 36 68 69
35 36 69 70
35 36 70 71
35 36 71 72
35 36 72 73
35 36 73 74
35 36 74 75
35 36 75 76
35 36 76 77
35 36 77 78
35 36 78 79
35 36 79 80
35 36 80 81
35 36 81 82
35 36 82 83
35 36 83 84
35 36 84 85
35 36 85 86
35 36 86 87
35 36 87 88
35 36 88 89
35 36 89 90
35 36 90 91
35 36 91 92
35 36 92 93
35 36 93 94
35 36 94 95
35 36 95 96
35 36 96 97
35 36 97 98
35 36 98 99
35 36 99 100
36 37 38 39
36 37 39 40
36 37 40 41
36 37 41 42
36 37 42 43
36 37 43 44
36 37 44 45
36 37 45 46
36 37 46 47
36 37 47 48
36 37 48 49
36 37 49 50
36 37 50 51
36 37 51 52
36 37 52 53
36 37 53 54
36 37 54 55
36 37 55 56
36 37 56 57
36 37 57 58
36 37 58 59
36 37 59 60
36 37 60 61
36 37 61 62
36 37 62 63
36 37 63 64
36 37 64 65
36 37 65 66
36 37 66 67
36 37 67 68
36 37 68 69
36 37 69 70
36 37 70 71
36 37 71 72
36 37 72 73
36 37 73 74
36 37 74 75
36 37 75 76
36 37 76 77
36 37 77 78
36 37 78 79
36 37 79 80
36 37 80 81
36 37 81 82
36 37 82 83
36 37 83 84
36 37 84 85
36 37 85 86
36 37 86 87
36 37 87 88
36 37 88 89
36 37 89 90
36 37 90 91
36 37 91 92
36 37 92 93
36 37 93 94
36 37 94 95
36 37 95 96
36 37 96 97
36 37 97 98
36 37 98 99
36 37 99 100
37 38 39 40
37 38 40 41
37 38 41 42
37 38 42 43
37 38 43 44
37 38 44 45
37 38 45 46
37 38 46 47
37 38 47 48
37 38 48 49
37 38 49 50
37 38 50 51
37 38 51 52
37 38 52 53
37 38 53 54
37 38 54 55
37 38 55 56
37 38 56 57
37 38 57 58
37 38 58 59
37 38 59 60
37 38 60 61
37 38 61 62
37 38 62 63
37 38 63 64
37 38 64 65
37 38 65 66
37 38 66 67
37 38 67 68
37 38 68 69
37 38 69 70
37 38 70 71
37 38 71 72
37 38 72 73
37 38 73 74
37 38 74 75
37 38 75 76
37 38 76 77
37 38 77 78
37 38 78 79
37 38 79 80
37 38 80 81
37 38 81 82
37 38 82 83
37 38 83 84
37 38 84 85
37 38 85 86
37 38 86 87
37 38 87 88
37 38 88 89
37 38 89 90
37 38 90 91
37 38 91 92
37 38 92 93
37 38 93 94
37 38 94 95
37 38 95 96
37 38 96 97
37 38 97 98
37 38 98 99
37 38 99 100
38 39 40 41
38 39 41 42
38 39 42 43
38 39 43 44
38 39 44 45
38 39 45 46
38 39 46 47
38 39 47 48
38 39 48 49
38 39 49 50
38 39 50 51
38 39 51 52
38 39 52 53
38 39 53 54
38 39 54 55
38 39 55 56
38 39 56 57
38 39 57 58
38 39 58 59
38 39 59 60
38 39 60 61
38 39 61 62
38 39 62 63
38 39 63 64
38 39 64 65
38 39 65 66
38 39 66 67
38 39 67 68
38 39 68 69
38 39 69 70
38 39 70 71
38 39 71 72
38 39 72 73
38 39 73 74
38 39 74 75
38 39 75 76
38 39 76 77
38 39 77 78
38 39 78 79
38 39 79 80
38 39 80 81
38 39 81 82
38 39 82 83
38 39 83 84
38 39 84 85
38 39 85 86
38 39 86 87
38 39 87 88
38 39 88 89
38 39 89 90
38 39 90 91
38 39 91 92
38 39 92 93
38 39 93 94
38 39 94 95
38 39 95 96
38 39 96 97
38 39 97 98
38 39 98 99
38 39 99 100
39 40 41 42
39 40 42 43
39 40 43 44
39 40 44 45
39 40 45 46
39 40 46 47
39 40 47 48
39 40 48 49
39 40 49 50
39 40 50 51
39 40 51 52
39 40 52 53
39 40 53 54
39 40 54 55
39 40 55 56
39 40 56 57
39 40 57 58
39 40 58 59
39 40 59 60
39 40 60 61
39 40 61 62
39 40 62 63
39 40 63 64
39 40 64 65
39 40 65 66
39 40 66 67
39 40 67 68
39 40 68 69
39 40 69 70
39 40 70 71
39 40 71 72
39 40 72 73
39 40 73 74
39 40 74 75
39 40 75 76
39 40 76 77
39 40 77 78
39 40 78 79
39 40 79 80
39 40 80 81
39 40 81 82
39 40 82 83
39 40 83 84
39 40 84 85
39 40 85 86
39 40 86 87
39 40 87 88
39 40 88 89
39 40 89 90
39 40 90 91
39 40 91 92
39 40 92 93
39 40 93 94
39 40 94 95
39 40 95 96
39 40 96 97
39 40 97 98
39 40 98 99
39 40 99 100
40 41 42 43
40 41 43 44
40 41 44 45
40 41 45 46
40 41 46 47
40 41 47 48
40 41 48 49
40 41 49 50
40 41 50 51
40 41 51 52
40 41 52 53
40 41 53 54
40 41 54 55
40 41 55 56
40 41 56 57
40 41 57 58
40 41 58 59
40 41 59 60
40 41 60 61
40 41 61 62
40 41 62 63
40 41 63 64
40 41 64 65
40 41 65 66
40 41 66 67
40 41 67 68
40 41 68 69
40 41 69 70
40 41 70 71
40 41 71 72
40 41 72 73
40 41 73 74
40 41 74 75
40 41 75 76
40 41 76 77
40 41 77 78
40 41 78 79
40 41 79 80
40 41 80 81
40 41 81 82
40 41 82 83
40 41 83 84
40 41 84 85
40 41 85 86
40 41 86 87
40 41 87 88
40 41 88 89
40 41 89 90
40 41 90 91
40 41 91 92
40 41 92 93
40 41 93 94
40 41 94 95
40 41 95 96
40 41 96 97
40 41 97 98
40 41 98 99
40 41 99 100
41 42 43 44
41 42 44 45
41 42 45 46
41 42 46 47
41 42 47 48
41 42 48 49
41 42 49 50
41 42 50 51
41 42 51 52
41 42 52 53
41 42 53 54
41 42 54 55
41 42 55 56
41 42 56 57
41 42 57 58
41 42 58 59
41 42 59 60
41 42 60 61
41 42 61 62
41 42 62 63
41 42 63 64
41 42 64 65
41 42 65 66
41 42 66 67
41 42 67 68
41 42 68 69
41 42 69 70
41 42 70 71
41 42 71 72
41 42 72 73
41 42 73 74
41 42 74 75
41 42 75 76
41 42 76 77
41 42 77 78
41 42 78 79
41 42 79 80
41 42 80 81
41 42 81 82
41 42 82 83
41 42 83 84
41 42 84 85
41 42 85 86
41 42 86 87
41 42 87 88
41 42 88 89
41 42 89 90
41 42 90 91
41 42 91 92
41 42 92 93
41 42 93 94
41 42 94 95
41 42 95 96
41 42 96 97
41 42 97 98
41 42 98 99
41 42 99 100
42 43 44 45
42 43 45 46
42 43 46 47
42 43 47 48
42 43 48 49
42 43 49 50
42 43 50 51
42 43 51 52
42 43 52 53
42 43 53 54
42 43 54 55
42 43 55 56
42 43 56 57
42 43 57 58
42 43 58 59
42 43 59 60
42 43 60 61
42 43 61 62
42 43 62 63
42 43 63 64
42 43 64 65
42 43 65 66
42 43 66 67
42 43 67 68
42 43 68 69
42 43 69 70
42 43 70 71
42 43 71 72
42 43 72 73
42 43 73 74
42 43 74 75
42 43 75 76
42 43 76 77
42 43 77 78
42 43 78 79
42 43 79 80
42 43 80 81
42 43 81 82
42 43 82 83
42 43 83 84
42 43 84 85
42 43 85 86
42 43 86 87
42 43 87 88
42 43 88 89
42 43 89 90
42 43 90 91
42 43 91 92
42 43 92 93
42 43 93 94
42 43 94 95
42 43 95 96
42 43 96 97
42 43 97 98
42 43 98 99
42 43 99 100
43 44 45 46
43 44 46 47
43 44 47 48
43 44 48 49
43 44 49 50
43 44 50 51
43 44 51 52
43 44 52 53
43 44 53 54
43 44 54 55
43 44 55 56
43 44 56 57
43 44 57 58
43 44 58 59
43 44 59 60
43 44 60 61
43 44 61 62
43 44 62 63
43 44 63 64
43 44 64 65
43 44 65 66
43 44 66 67
43 44 67 68
43 44 68 69
43 44 69 70
43 44 70 71
43 44 71 72
43 44 72 73
43 44 73 74
43 44 74 75
43 44 75 76
43 44 76 77
43 44 77 78
43 44 78 79
43 44 79 80
43 44 80 81
43 44 81 82
43 44 82 83
43 44 83 84
43 44 84 85
43 44 85 86
43 44 86 87
43 44 87 88
43 44 88 89
43 44 89 90
43 44 90 91
43 44 91 92
43 44 92 93
43 44 93 94
43 44 94 95
43 44 95 96
43 44 96 97
43 44 97 98
43 44 98 99
43 44 99 100
44 45 46 47
44 45 47 48
44 45 48 49
44 45 49 50
44 45 50 51
44 45 51 52
44 45 52 53
44 45 53 54
44 45 54 55
44 45 55 56
44 45 56 57
44 45 57 58
44 45 58 59
44 45 59 60
44 45 60 61
44 45 61 62
44 45 62 63
44 45 63 64
44 45 64 65
44 45 65 66
44 45 66 67
44 45 67 68
44 45 68 69
44 45 69 70
44 45 70 71
44 45 71 72
44 45 72 73
44 45 73 74
44 45 74 75
44 45 75 76
44 45 76 77
44 45 77 78
44 45 78 79
44 45 79 80
44 45 80 81
44 45 81 82
44 45 82 83
44 45 83 84
44 45 84 85
44 45 85 86
44 45 86 87
44 45 87 88
44 45 88 89
44 45 89 90
44 45 90 91
44 45 91 92
44 45 92 93
44 45 93 94
44 45 94 95
44 45 95 96
44 45 96 97
44 45 97 98
44 45 98 99
44 45 99 100
45 46 47 48
45 46 48 49
45 46 49 50
45 46 50 51
45 46 51 52
45 46 52 53
45 46 53 54
45 46 54 55
45 46 55 56
45 46 56 57
45 46 57 58
45 46 58 59
45 46 59 60
45 46 60 61
45 46 61 62
45 46 62 63
45 46 63 64
45 46 64 65
45 46 65 66
45 46 66 67
45 46 67 68
45 46 68 69
45 46 69 70
45 46 70 71
45 46 71 72
45 46 72 73
45 46 73 74
45 46 74 75
45 46 75 76
45 46 76 77
45 46 77 78
45 46 78 79
45 46 79 80
45 46 80 81
45 46 81 82
45 46 82 83
45 46 83 84
45 46 84 85
45 46 85 86
45 46 86 87
45 46 87 88
45 46 88 89
45 46 89 90
45 46 90 91
45 46 91 92
45 46 92 93
45 46 93 94
45 46 94 95
45 46 95 96
45 46 96 97
45 46 97 98
45 46 98 99
45 46 99 100
46 47 48 49
46 47 49 50
46 47 50 51
46 47 51 52
46 47 52 53
46 47 53 54
46 47 54 55
46 47 55 56
46 47 56 57
46 47 57 58
46 47 58 59
46 47 59 60
46 47 60 61
46 47 61 62
46 47 62 63
46 47 63 64
46 47 64 65
46 47 65 66
46 47 66 67
46 47 67 68
46 47 68 69
46 47 69 70
46 47 70 71
46 47 71 72
46 47 72 73
46 47 73 74
46 47 74 75
46 47 75 76
46 47 76 77
46 47 77 78
46 47 78 79
46 47 79 80
46 47 80 81
46 47 81 82
46 47 82 83
46 47 83 84
46 47 84 85
46 47 85 86
46 47 86 87
46 47 87 88
46 47 88 89
46 47 89 90
46 47 90 91
46 47 91 92
46 47 92 93
46 47 93 94
46 47 94 95
46 47 95 96
46 47 96 97
46 47 97 98
46 47 98 99
46 47 99 100
47 48 49 50
47 48 50 51
47 48 51 52
47 48 52 53
47 48 53 54
47 48 54 55
47 48 55 56
47 48 56 57
47 48 57 58
47 48 58 59
47 48 59 60
47 48 60 61
47 48 61 62
47 48 62 63
47 48 63 64
47 48 64 65
47 48 65 66
47 48 66 67
47 48 67 68
47 48 68 69
47 48 69 70
47 48 70 71
47 48 71 72
47 48 72 73
47 48 73 74
47 48 74 75
47 48 75 76
47 48 76 77
47 48 77 78
47 48 78 79
47 48 79 80
47 48 80 81
47 48 81 82
47 48 82 83
47 48 83 84
47 48 84 85
47 48 85 86
47 48 86 87
47 48 87 88
47 48 88 89
47 48 89 90
47 48 90 91
47 48 91 92
47 48 92 93
47 48 93 94
47 48 94 95
47 48 95 96
47 48 96 97
47 48 97 98
47 48 98 99
47 48 99 100
48 49 50 51
48 49 51 52
48 49 52 53
48 49 53 54
48 49 54 55
48 49 55 56
48 49 56 57
48 49 57 58
48 49 58 59
48 49 59 60
48 49 60 61
48 49 61 62
48 49 62 63
48 49 63 64
48 49 64 65
48 49 65 66
48 49 66 67
48 49 67 68
48 49 68 69
48 49 69 70
48 49 70 71
48 49 71 72
48 49 72 73
48 49 73 74
48 49 74 75
48 49 75 76
48 49 76 77
48 49 77 78
48 49 78 79
48 49 79 80
48 49 80 81
48 49 81 82
48 49 82 83
48 49 83 84
48 49 84 85
48 49 85 86
48 49 86 87
48 49 87 88
48 49 88 89
48 49 89 90
48 49 90 91
48 49 91 92
48 49 92 93
48 49 93 94
48 49 94 95
48 49 95 96
48 49 96 97
48 49 97 98
48 49 98 99
48 49 99 100
49 50 51 52
49 50 52 53
49 50 53 54
49 50 54 55
49 50 55 56
49 50 56 57
49 50 57 58
49 50 58 59
49 50 59 60
49 50 60 61
49 50 61 62
49 50 62 63
49 50 63 64
49 50 64 65
49 50 65 66
49 50 66 67
49 50 67 68
49 50 68 69
49 50 69 70
49 50 70 71
49 50 71 72
49 50 72 73
49 50 73 74
49 50 74 75
49 50 75 76
49 50 76 77
49 50 77 78
49 50 78 79
49 50 79 80
49 50 80 81
49 50 81 82
49 50 82 83
49 50 83 84
49 50 84 85
49 50 85 86
49 50 86 87
49 50 87 88
49 50 88 89
49 50 89 90
49 50 90 91
49 50 91 92
49 50 92 93
49 50 93 94
49 50 94 95
49 50 95 96
49 50 96 97
49 50 97 98
49 50 98 99
49 50 99 100
50 51 52 53
50 51 53 54
50 51 54 55
50 51 55 56
50 51 56 57
50 51 57 58
50 51 58 59
50 51 59 60
50 51 60 61
50 51 61 62
50 51 62 63
50 51 63 64
50 51 64 65
50 51 65 66
50 51 66 67
50 51 67 68
50 51 68 69
50 51 69 70
50 51 70 71
50 51 71 72
50 51 72 73
50 51 73 74
50 51 74 75
50 51 75 76
50 51 76 77
50 51 77 78
50 51 78 79
50 51 79 80
50 51 80 81
50 51 81 82
50 51 82 83
50 51 83 84
50 51 84 85
50 51 85 86
50 51 86 87
50 51 87 88
50 51 88 89
50 51 89 90
50 51 90 91
50 51 91 92
50 51 92 93
50 51 93 94
50 51 94 95
50 51 95 96
50 51 96 97
50 51 97 98
50 51 98 99
50 51 99 100
51 52 53 54
51 52 54 55
51 52 55 56
51 52 56 57
51 52 57 58
51 52 58 59
51 52 59 60
51 52 60 61
51 52 61 62
51 52 62 63
51 52 63 64
51 52 64 65
51 52 65 66
51 52 66 67
51 52 67 68
51 52 68 69
51 52 69 70
51 52 70 71
51 52 71 72
51 52 72 73
51 52 73 74
51 52 74 75
51 52 75 76
51 52 76 77
51 52 77 78
51 52 78 79
51 52 79 80
51 52 80 81
51 52 81 82
51 52 82 83
51 52 83 84
51 52 84 85
51 52 85 86
51 52 86 87
51 52 87 88
51 52 88 89
51 52 89 90
51 52 90 91
51 52 91 92
51 52 92 93
51 52 93 94
51 52 94 95
51 52 95 96
51 52 96 97
51 52 97 98
51 52 98 99
51 52 99 100
52 53 54 55
52 53 55 56
52 53 56 57
52 53 57 58
52 53 58 59
52 53 59 60
52 53 60 61
52 53 61 62
52 53 62 63
52 53 63 64
52 53 64 65
52 53 65 66
52 53 66 67
52 53 67 68
52 53 68 69
52 53 69 70
52 53 70 71
52 53 71 72
52 53 72 73
52 53 73 74
52 53 74 75
52 53 75 76
52 53 76 77
52 53 77 78
52 53 78 79
52 53 79 80
52 53 80 81
52 53 81 82
52 53 82 83
52 53 83 84
52 53 84 85
52 53 85 86
52 53 86 87
52 53 87 88
52 53 88 89
52 53 89 90
52 53 90 91
52 53 91 92
52 53 92 93
52 53 93 94
52 53 94 95
52 53 95 96
52 53 96 97
52 53 97 98
52 53 98 99
52 53 99 100
53 54 55 56
53 54 56 57
53 54 57 58
53 54 58 59
53 54 59 60
53 54 60 61
53 54 61 62
53 54 62 63
53 54 63 64
53 54 64 65
53 54 65 66
53 54 66 67
53 54 67 68
53 54 68 69
53 54 69 70
53 54 70 71
53 54 71 72
53 54 72 73
53 54 73 74
53 54 74 75
53 54 75 76
53 54 76 77
53 54 77 78
53 54 78 79
53 54 79 80
53 54 80 81
53 54 81 82
53 54 82 83
53 54 83 84
53 54 84 85
53 54 85 86
53 54 86 87
53 54 87 88
53 54 88 89
53 54 89 90
53 54 90 91
53 54 91 92
53 54 92 93
53 54 93 94
53 54 94 95
53 54 95 96
53 54 96 97
53 54 97 98
53 54 98 99
53 54 99 100
54 55 56 57
54 55 57 58
54 55 58 59
54 55 59 60
54 55 60 61
54 55 61 62
54 55 62 63
54 55 63 64
54 55 64 65
54 55 65 66
54 55 66 67
54 55 67 68
54 55 68 69
54 55 69 70
54 55 70 71
54 55 71 72
54 55 72 73
54 55 73 74
54 55 74 75
54 55 75 76
54 55 76 77
54 55 77 78
54 55 78 79
54 55 79 80
54 55 80 81
54 55 81 82
54 55 82 83
54 55 83 84
54 55 84 85
54 55 85 86
54 55 86 87
54 55 87 88
54 55 88 89
54 55 89 90
54 55 90 91
54 55 91 92
54 55 92 93
54 55 93 94
54 55 94 95
54 55 95 96
54 55 96 97
54 55 97 98
54 55 98 99
54 55 99 100
55 56 57 58
55 56 58 59
55 56 59 60
55 56 60 61
55 56 61 62
55 56 62 63
55 56 63 64
55 56 64 65
55 56 65 66
55 56 66 67
55 56 67 68
55 56 68 69
55 56 69 70
55 56 70 71
55 56 71 72
55 56 72 73
55 56 73 74
55 56 74 75
55 56 75 76
55 56 76 77
55 56 77 78
55 56 78 79
55 56 79 80
55 56 80 81
55 56 81 82
55 56 82 83
55 56 83 84
55 56 84 85
55 56 85 86
55 56 86 87
55 56 87 88
55 56 88 89
55 56 89 90
55 56 90 91
55 56 91 92
55 56 92 93
55 56 93 94
55 56 94 95
55 56 95 96
55 56 96 97
55 56 97 98
55 56 98 99
55 56 99 100
56 57 58 59
56 57 59 60
56 57 60 61
56 57 61 62
56 57 62 63
56 57 63 64
56 57 64 65
56 57 65 66
56 57 66 67
56 57 67 68
56 57 68 69
56 57 69 70
56 57 70 71
56 57 71 72
56 57 72 73
56 57 73 74
56 57 74 75
56 57 75 76
56 57 76 77
56 57 77 78
56 57 78 79
56 57 79 80
56 57 80 81
56 57 81 82
56 57 82 83
56 57 83 84
56 57 84 85
56 57 85 86
56 57 86 87
56 57 87 88
56 57 88 89
56 57 89 90
56 57 90 91
56 57 91 92
56 57 92 93
56 57 93 94
56 57 94 95
56 57 95 96
56 57 96 97
56 57 97 98
56 57 98 99
56 57 99 100
57 58 59 60
57 58 60 61
57 58 61 62
57 58 62 63
57 58 63 64
57 58 64 65
57 58 65 66
57 58 66 67
57 58 67 68
57 58 68 69
57 58 69 70
57 58 70 71
57 58 71 72
57 58 72 73
57 58 73 74
57 58 74 75
57 58 75 76
57 58 76 77
57 58 77 78
57 58 78 79
57 58 79 80
57 58 80 81
57 58 81 82
57 58 82 83
57 58 83 84
57 58 84 85
57 58 85 86
57 58 86 87
57 58 87 88
57 58 88 89
57 58 89 90
57 58 90 91
57 58 91 92
57 58 92 93
57 58 93 94
57 58 94 95
57 58 95 96
57 58 96 97
57 58 97 98
57 58 98 99
57 58 99 100
58 59 60 61
58 59 61 62
58 59 62 63
58 59 63 64
58 59 64 65
58 59 65 66
58 59 66 67
58 59 67 68
58 59 68 69
58 59 69 70
58 59 70 71
58 59 71 72
58 59 72 73
58 59 73 74
58 59 74 75
58 59 75 76
58 59 76 77
58 59 77 78
58 59 78 79
58 59 79 80
58 59 80 81
58 59 81 82
58 59 82 83
58 59 83 84
58 59 84 85
58 59 85 86
58 59 86 87
58 59 87 88
58 59 88 89
58 59 89 90
58 59 90 91
58 59 91 92
58 59 92 93
58 59 93 94
58 59 94 95
58 59 95 96
58 59 96 97
58 59 97 98
58 59 98 99
58 59 99 100
59 60 61 62
59 60 62 63
59 60 63 64
59 60 64 65
59 60 65 66
59 60 66 67
59 60 67 68
59 60 68 69
59 60 69 70
59 60 70 71
59 60 71 72
59 60 72 73
59 60 73 74
59 60 74 75
59 60 75 76
59 60 76 77
59 60 77 78
59 60 78 79
59 60 79 80
59 60 80 81
59 60 81 82
59 60 82 83
59 60 83 84
59 60 84 85
59 60 85 86
59 60 86 87
59 60 87 88
59 60 88 89
59 60 89 90
59 60 90 91
59 60 91 92
59 60 92 93
59 60 93 94
59 60 94 95
59 60 95 96
59 60 96 97
59 60 97 98
59 60 98 99
59 60 99 100
60 61 62 63
60 61 63 64
60 61 64 65
60 61 65 66
60 61 66 67
60 61 67 68
60 61 68 69
60 61 69 70
60 61 70 71
60 61 71 72
60 61 72 73
60 61 73 74
60 61 74 75
60 61 75 76
60 61 76 77
60 61 77 78
60 61 78 79
60 61 79 80
60 61 80 81
60 61 81 82
60 61 82 83
60 61 83 84
60 61 84 85
60 61 85 86
60 61 86 87
60 61 87 88
60 61 88 89
60 61 89 90
60 61 90 91
60 61 91 92
60 61 92 93
60 61 93 94
60 61 94 95
60 61 95 96
60 61 96 97
60 61 97 98
60 61 98 99
60 61 99 100
61 62 63 64
61 62 64 65
61 62 65 66
61 62 66 67
61 62 67 68
61 62 68 69
61 62 69 70
61 62 70 71
61 62 71 72
61 62 72 73
61 62 73 74
61 62 74 75
61 62 75 76
61 62 76 77
61 62 77 78
61 62 78 79
61 62 79 80
61 62 80 81
61 62 81 82
61 62 82 83
61 62 83 84
61 62 84 85
61 62 85 86
61 62 86 87
61 62 87 88
61 62 88 89
61 62 89 90
61 62 90 91
61 62 91 92
61 62 92 93
61 62 93 94
61 62 94 95
61 62 95 96
61 62 96 97
61 62 97 98
61 62 98 99
61 62 99 100
62 63 64 65
62 63 65 66
62 63 66 67
62 63 67 68
62 63 68 69
62 63 69 70
62 63 70 71
62 63 71 72
62 63 72 73
62 63 73 74
62 63 74 75
62 63 75 76
62 63 76 77
62 63 77 78
62 63 78 79
62 63 79 80
62 63 80 81
62 63 81 82
62 63 82 83
62 63 83 84
62 63 84 85
62 63 85 86
62 63 86 87
62 63 87 88
62 63 88 89
62 63 89 90
62 63 90 91
62 63 91 92
62 63 92 93
62 63 93 94
62 63 94 95
62 63 95 96
62 63 96 97
62 63 97 98
62 63 98 99
62 63 99 100
63 64 65 66
63 64 66 67
63 64 67 68
63 64 68 69
63 64 69 70
63 64 70 71
63 64 71 72
63 64 72 73
63 64 73 74
63 64 74 75
63 64 75 76
63 64 76 77
63 64 77 78
63 64 78 79
63 64 79 80
63 64 80 81
63 64 81 82
63 64 82 83
63 64 83 84
63 64 84 85
63 64 85 86
63 64 86 87
63 64 87 88
63 64 88 89
63 64 89 90
63 64 90 91
63 64 91 92
63 64 92 93
63 64 93 94
63 64 94 95
63 64 95 96
63 64 96 97
63 64 97 98
63 64 98 99
63 64 99 100
64 65 66 67
64 65 67 68
64 65 68 69
64 65 69 70
64 65 70 71
64 65 71 72
64 65 72 73
64 65 73 74
64 65 74 75
64 65 75 76
64 65 76 77
64 65 77 78
64 65 78 79
64 65 79 80
64 65 80 81
64 65 81 82
64 65 82 83
64 65 83 84
64 65 84 85
64 65 85 86
64 65 86 87
64 65 87 88
64 65 88 89
64 65 89 90
64 65 90 91
64 65 91 92
64 65 92 93
64 65 93 94
64 65 94 95
64 65 95 96
64 65 96 97
64 65 97 98
64 65 98 99
64 65 99 100
65 66 67 68
65 66 68 69
65 66 69 70
65 66 70 71
65 66 71 72
65 66 72 73
65 66 73 74
65 66 74 75
65 66 75 76
65 66 76 77
65 66 77 78
65 66 78 79
65 66 79 80
65 66 80 81
65 66 81 82
65 66 82 83
65 66 83 84
65 66 84 85
65 66 85 86
65 66 86 87
65 66 87 88
65 66 88 89
65 66 89 90
65 66 90 91
65 66 91 92
65 66 92 93
65 66 93 94
65 66 94 95
65 66 95 96
65 66 96 97
65 66 97 98
65 66 98 99
65 66 99 100
66 67 68 69
66 67 69 70
66 67 70 71
66 67 71 72
66 67 72 73
66 67 73 74
66 67 74 75
66 67 75 76
66 67 76 77
66 67 77 78
66 67 78 79
66 67 79 80
66 67 80 81
66 67 81 82
66 67 82 83
66 67 83 84
66 67 84 85
66 67 85 86
66 67 86 87
66 67 87 88
66 67 88 89
66 67 89 90
66 67 90 91
66 67 91 92
66 67 92 93
66 67 93 94
66 67 94 95
66 67 95 96
66 67 96 97
66 67 97 98
66 67 98 99
66 67 99 100
67 68 69 70
67 68 70 71
67 68 71 72
67 68 72 73
67 68 73 74
67 68 74 75
67 68 75 76
67 68 76 77
67 68 77 78
67 68 78 79
67 68 79 80
67 68 80 81
67 68 81 82
67 68 82 83
67 68 83 84
67 68 84 85
67 68 85 86
67 68 86 87
67 68 87 88
67 68 88 89
67 68 89 90
67 68 90 91
67 68 91 92
67 68 92 93
67 68 93 94
67 68 94 95
67 68 95 96
67 68 96 97
67 68 97 98
67 68 98 99
67 68 99 100
68 69 70 71
68 69 71 72
68 69 72 73
68 69 73 74
68 69 74 75
68 69 75 76
68 69 76 77
68 69 77 78
68 69 78 79
68 69 79 80
68 69 80 81
68 69 81 82
68 69 82 83
68 69 83 84
68 69 84 85
68 69 85 86
68 69 86 87
68 69 87 88
68 69 88 89
68 69 89 90
68 69 90 91
68 69 91 92
68 69 92 93
68 69 93 94
68 69 94 95
68 69 95 96
68 69 96 97
68 69 97 98
68 69 98 99
68 69 99 100
69 70 71 72
69 70 72 73
69 70 73 74
69 70 74 75
69 70 75 76
69 70 76 77
69 70 77 78
69 70 78 79
69 70 79 80
69 70 80 81
69 70 81 82
69 70 82 83
69 70 83 84
69 70 84 85
69 70 85 86
69 70 86 87
69 70 87 88
69 70 88 89
69 70 89 90
69 70 90 91
69 70 91 92
69 70 92 93
69 70 93 94
69 70 94 95
69 70 95 96
69 70 96 97
69 70 97 98
69 70 98 99
69 70 99 100
70 71 72 73
70 71 73 74
70 71 74 75
70 71 75 76
70 71 76 77
70 71 77 78
70 71 78 79
70 71 79 80
70 71 80 81
70 71 81 82
70 71 82 83
70 71 83 84
70 71 84 85
70 71 85 86
70 71 86 87
70 71 87 88
70 71 88 89
70 71 89 90
70 71 90 91
70 71 91 92
70 71 92 93
70 71 93 94
70 71 94 95
70 71 95 96
70 71 96 97
70 71 97 98
70 71 98 99
70 71 99 100
71 72 73 74
71 72 74 75
71 72 75 76
71 72 76 77
71 72 77 78
71 72 78 79
71 72 79 80
71 72 80 81
71 72 81 82
71 72 82 83
71 72 83 84
71 72 84 85
71 72 85 86
71 72 86 87
71 72 87 88
71 72 88 89
71 72 89 90
71 72 90 91
71 72 91 92
71 72 92 93
71 72 93 94
71 72 94 95
71 72 95 96
71 72 96 97
71 72 97 98
71 72 98 99
71 72 99 100
72 73 74 75
72 73 75 76
72 73 76 77
72 73 77 78
72 73 78 79
72 73 79 80
72 73 80 81
72 73 81 82
72 73 82 83
72 73 83 84
72 73 84 85
72 73 85 86
72 73 86 87
72 73 87 88
72 73 88 89
72 73 89 90
72 73 90 91
72 73 91 92
72 73 92 93
72 73 93 94
72 73 94 95
72 73 95 96
72 73 96 97
72 73 97 98
72 73 98 99
72 73 99 100
73 74 75 76
73 74 76 77
73 74 77 78
73 74 78 79
73 74 79 80
73 74 80 81
73 74 81 82
73 74 82 83
73 74 83 84
73 74 84 85
73 74 85 86
73 74 86 87
73 74 87 88
73 74 88 89
73 74 89 90
73 74 90 91
73 74 91 92
73 74 92 93
73 74 93 94
73 74 94 95
73 74 95 96
73 74 96 97
73 74 97 98
73 74 98 99
73 74 99 100
74 75 76 77
74 75 77 78
74 75 78 79
74 75 79 80
74 75 80 81
74 75 81 82
74 75 82 83
74 75 83 84
74 75 84 85
74 75 85 86
74 75 86 87
74 75 87 88
74 75 88 89
74 75 89 90
74 75 90 91
74 75 91 92
74 75 92 93
74 75 93 94
74 75 94 95
74 75 95 96
74 75 96 97
74 75 97 98
74 75 98 99
74 75 99 100
75 76 77 78
75 76 78 79
75 76 79 80
75 76 80 81
75 76 81 82
75 76 82 83
75 76 83 84
75 76 84 85
75 76 85 86
75 76 86 87
75 76 87 88
75 76 88 89
75 76 89 90
75 76 90 91
75 76 91 92
75 76 92 93
75 76 93 94
75 76 94 95
75 76 95 96
75 76 96 97
75 76 97 98
75 76 98 99
75 76 99 100
76 77 78 79
76 77 79 80
76 77 80 81
76 77 81 82
76 77 82 83
76 77 83 84
76 77 84 85
76 77 85 86
76 77 86 87
76 77 87 88
76 77 88 89
76 77 89 90
76 77 90 91
76 77 91 92
76 77 92 93
76 77 93 94
76 77 94 95
76 77 95 96
76 77 96 97
76 77 97 98
76 77 98 99
76 77 99 100
77 78 79 80
77 78 80 81
77 78 81 82
77 78 82 83
77 78 83 84
77 78 84 85
77 78 85 86
77 78 86 87
77 78 87 88
77 78 88 89
77 78 89 90
77 78 90 91
77 78 91 92
77 78 92 93
77 78 93 94
77 78 94 95
77 78 95 96
77 78 96 97
77 78 97 98
77 78 98 99
77 78 99 100
78 79 80 81
78 79 81 82
78 79 82 83
78 79 83 84
78 79 84 85
78 79 85 86
78 79 86 87
78 79 87 88
78 79 88 89
78 79 89 90
78 79 90 91
78 79 91 92
78 79 92 93
78 79 93 94
78 79 94 95
78 79 95 96
78 79 96 97
78 79 97 98
78 79 98 99
78 79 99 100
79 80 81 82
79 80 82 83
79 80 83 84
79 80 84 85
79 80 85 86
79 80 86 87
79 80 87 88
79 80 88 89
79 80 89 90
79 80 90 91
79 80 91 92
79 80 92 93
79 80 93 94
79 80 94 95
79 80 95 96
79 80 96 97
79 80 97 98
79 80 98 99
79 80 99 100
80 81 82 83
80 81 83 84
80 81 84 85
80 81 85 86
80 81 86 87
80 81 87 88
80 81 88 89
80 81 89 90
80 81 90 91
80 81 91 92
80 81 92 93
80 81 93 94
80 81 94 95
80 81 95 96
80 81 96 97
80 81 97 98
80 81 98 99
80 81 99 100
81 82 83 84
81 82 84 85
81 82 85 86
81 82 86 87
81 82 87 88
81 82 88 89
81 82 89 90
81 82 90 91
81 82 91 92
81 82 92 93
81 82 93 94
81 82 94 95
81 82 95 96
81 82 96 97
81 82 97 98
81 82 98 99
81 82 99 100
82 83 84 85
82 83 85 86
82 83 86 87
82 83 87 88
82 83 88 89
82 83 89 90
82 83 90 91
82 83 91 92
82 83 92 93
82 83 93 94
82 83 94 95
82 83 95 96
82 83 96 97
82 83 97 98
82 83 98 99
82 83 99 100
83 84 85 86
83 84 86 87
83 84 87 88
83 84 88 89
83 84 89 90
83 84 90 91
83 84 91 92
83 84 92 93
83 84 93 94
83 84 94 95
83 84 95 96
83 84 96 97
83 84 97 98
83 84 98 99
83 84 99 100
84 85 86 87
84 85 87 88
84 85 88 89
84 85 89 90
84 85 90 91
84 85 91 92
84 85 92 93
84 85 93 94
84 85 94 95
84 85 95 96
84 85 96 97
84 85 97 98
84 85 98 99
84 85 99 100
85 86 87 88
85 86 88 89
85 86 89 90
85 86 90 91
85 86 91 92
85 86 92 93
85 86 93 94
85 86 94 95
85 86 95 96
85 86 96 97
85 86 97 98
85 86 98 99
85 86 99 100
86 87 88 89
86 87 89 90
86 87 90 91
86 87 91 92
86 87 92 93
86 87 93 94
86 87 94 95
86 87 95 96
86 87 96 97
86 87 97 98
86 87 98 99
86 87 99 100
87 88 89 90
87 88 90 91
87 88 91 92
87 88 92 93
87 88 93 94
87 88 94 95
87 88 95 96
87 88 96 97
87 88 97 98
87 88 98 99
87 88 99 100
88 89 90 91
88 89 91 92
88 89 92 93
88 89 93 94
88 89 94 95
88 89 95 96
88 89 96 97
88 89 97 98
88 89 98 99
88 89 99 100
89 90 91 92
89 90 92 93
89 90 93 94
89 90 94 95
89 90 95 96
89 90 96 97
89 90 97 98
89 90 98 99
89 90 99 100
90 91 92 93
90 91 93 94
90 91 94 95
90 91 95 96
90 91 96 97
90 91 97 98
90 91 98 99
90 91 99 100
91 92 93 94
91 92 94 95
91 92 95 96
91 92 96 97
91 92 97 98
91 92 98 99
91 92 99 100
92 93 94 95
92 93 95 96
92 93 96 97
92 93 97 98
92 93 98 99
92 93 99 100
93 94 95 96
93 94 96 97
93 94 97 98
93 94 98 99
93 94 99 100
94 95 96 97
94 95 97 98
94 95 98 99
94 95 99 100
95 96 97 98
95 96 98 99
95 96 99 100
96 97 98 99
96 97 99 100
97 98 99 100

