####################################################################################
####################################################################################
####################################################################################
###                                                                              ###
###                                                                              ###
###  LIBRARY OF TRIANGULATIONS                                                   ###
###  by Bruno Benedetti and Frank H. Lutz                                        ###
###  http://page.math.tu-berlin.de/~lutz/stellar/library_of_triangulations.html  ###
###                                                                              ###
###                                                                              ###
###  name of example:                                                            ###
###                                                                              ###
###    triple_trefoil (= S_3_18_125)                                             ###
###                                                                              ###
###                                                                              ###
###  description:                                                                ###
###                                                                              ###
###    non-constructible 3-sphere with 18 vertices                               ###
###    containing the triple trefoil knot                                        ###
###                                                                              ###
###                                                                              ###
###  properties:                                                                 ###
###                                                                              ###
###    f=(18,143,250,125),                                                       ###
###    H_*=(Z,0,0,Z),                                                            ###
###    non-constructible, non-shellable,                                         ###
###    optimal discrete Morse vector: (1,1,1,1), not perfect                     ###
###                                                                              ###
###                                                                              ###
###  references:                                                                 ###
###                                                                              ###
###    B. Benedetti and G. M. Ziegler.                                           ###
###    On locally constructible spheres and balls.                               ###
###    Acta Math. 206, 205-243 (2011).                                           ###
###                                                                              ###
###    B. Benedetti and F. H. Lutz.                                              ###
###    Knots in collapsible and non-collapsible balls.                           ###
###    Electron. J. Comb. 20, No. 3, Research Paper P31, 29 p. (2013).           ###
###                                                                              ###
###    B. Benedetti and F. H. Lutz.                                              ###
###    Random discrete Morse theory and a new library of triangulations.         ###
###    Exp. Math. 23, 66-94 (2014).                                              ###
###                                                                              ###
###                                                                              ###
####################################################################################
####################################################################################
####################################################################################

1 2 4 9
1 2 4 15
1 2 9 15
1 3 8 10
1 3 8 12
1 3 10 12
1 4 5 14
1 4 5 16
1 4 9 14
1 4 15 16
1 5 7 11
1 5 7 14
1 5 11 17
1 5 12 16
1 5 12 17
1 7 11 12
1 7 12 16
1 7 14 16
1 8 10 13
1 8 12 17
1 8 13 18
1 8 17 18
1 9 14 15
1 10 12 13
1 11 12 18
1 11 17 18
1 12 13 18
1 14 15 16
2 3 5 13
2 3 5 14
2 3 13 14
2 4 6 15
2 4 6 17
2 4 9 17
2 5 10 14
2 5 10 18
2 5 13 18
2 6 11 12
2 6 11 16
2 6 12 15
2 6 16 17
2 7 8 10
2 7 8 11
2 7 10 18
2 7 11 12
2 7 12 16
2 7 16 18
2 8 10 13
2 8 11 16
2 8 13 18
2 8 16 18
2 9 12 15
2 9 12 16
2 9 16 17
2 10 13 14
3 4 8 12
3 4 8 15
3 4 10 12
3 4 10 16
3 4 15 16
3 5 7 13
3 5 7 14
3 6 9 14
3 6 9 18
3 6 11 16
3 6 11 18
3 6 14 17
3 6 16 17
3 7 9 13
3 7 9 18
3 7 14 18
3 8 10 15
3 9 13 14
3 10 15 17
3 10 16 17
3 11 15 16
3 11 15 17
3 11 17 18
3 14 17 18
4 5 10 14
4 5 10 16
4 6 8 15
4 6 8 17
4 8 12 17
4 9 13 14
4 9 13 17
4 10 12 13
4 10 13 14
4 12 13 17
5 6 7 8
5 6 7 13
5 6 8 9
5 6 9 18
5 6 13 18
5 7 8 11
5 8 9 11
5 9 10 16
5 9 10 18
5 9 11 15
5 9 12 15
5 9 12 16
5 11 15 17
5 12 15 17
6 7 8 15
6 7 13 15
6 8 9 14
6 8 14 17
6 11 12 18
6 12 13 15
6 12 13 18
7 8 10 15
7 9 10 17
7 9 10 18
7 9 13 17
7 10 15 17
7 13 15 17
7 14 16 18
8 9 11 14
8 11 14 16
8 14 16 18
8 14 17 18
9 10 16 17
9 11 14 15
11 14 15 16
12 13 15 17

